   1.0000000000000000E-004   0.0000000000000000     
   2.0000000000000001E-004   0.0000000000000000     
   3.0000000000000003E-004   0.0000000000000000     
   4.0000000000000002E-004   0.0000000000000000     
   5.0000000000000001E-004   0.0000000000000000     
   6.0000000000000006E-004   0.0000000000000000     
   7.0000000000000010E-004   0.0000000000000000     
   8.0000000000000004E-004   0.0000000000000000     
   9.0000000000000008E-004   0.0000000000000000     
   1.0000000000000000E-003   0.0000000000000000     
   1.1000000000000001E-003   0.0000000000000000     
   1.2000000000000001E-003   0.0000000000000000     
   1.3000000000000002E-003   0.0000000000000000     
   1.4000000000000002E-003   0.0000000000000000     
   1.5000000000000000E-003   0.0000000000000000     
   1.6000000000000001E-003   0.0000000000000000     
   1.7000000000000001E-003   0.0000000000000000     
   1.8000000000000002E-003   0.0000000000000000     
   1.9000000000000002E-003   0.0000000000000000     
   2.0000000000000000E-003   0.0000000000000000     
   2.1000000000000003E-003   0.0000000000000000     
   2.2000000000000001E-003   0.0000000000000000     
   2.3000000000000004E-003   0.0000000000000000     
   2.4000000000000002E-003   0.0000000000000000     
   2.5000000000000001E-003   0.0000000000000000     
   2.6000000000000003E-003   0.0000000000000000     
   2.7000000000000001E-003   0.0000000000000000     
   2.8000000000000004E-003   0.0000000000000000     
   2.9000000000000002E-003   0.0000000000000000     
   3.0000000000000001E-003   0.0000000000000000     
   3.1000000000000003E-003   0.0000000000000000     
   3.2000000000000002E-003   0.0000000000000000     
   3.3000000000000004E-003   0.0000000000000000     
   3.4000000000000002E-003   0.0000000000000000     
   3.5000000000000001E-003   0.0000000000000000     
   3.6000000000000003E-003   0.0000000000000000     
   3.7000000000000002E-003   0.0000000000000000     
   3.8000000000000004E-003   0.0000000000000000     
   3.9000000000000003E-003   0.0000000000000000     
   4.0000000000000001E-003   0.0000000000000000     
   4.1000000000000003E-003   0.0000000000000000     
   4.2000000000000006E-003   0.0000000000000000     
   4.3000000000000000E-003   0.0000000000000000     
   4.4000000000000003E-003   0.0000000000000000     
   4.5000000000000005E-003   0.0000000000000000     
   4.6000000000000008E-003   0.0000000000000000     
   4.7000000000000002E-003   0.0000000000000000     
   4.8000000000000004E-003   0.0000000000000000     
   4.9000000000000007E-003   0.0000000000000000     
   5.0000000000000001E-003   0.0000000000000000     
   5.1000000000000004E-003   0.0000000000000000     
   5.2000000000000006E-003   0.0000000000000000     
   5.3000000000000000E-003   0.0000000000000000     
   5.4000000000000003E-003   0.0000000000000000     
   5.5000000000000005E-003   0.0000000000000000     
   5.6000000000000008E-003   0.0000000000000000     
   5.7000000000000002E-003   0.0000000000000000     
   5.8000000000000005E-003   0.0000000000000000     
   5.9000000000000007E-003   0.0000000000000000     
   6.0000000000000001E-003   0.0000000000000000     
   6.1000000000000004E-003   0.0000000000000000     
   6.2000000000000006E-003   0.0000000000000000     
   6.3000000000000009E-003   0.0000000000000000     
   6.4000000000000003E-003   0.0000000000000000     
   6.5000000000000006E-003   0.0000000000000000     
   6.6000000000000008E-003   0.0000000000000000     
   6.7000000000000002E-003   0.0000000000000000     
   6.8000000000000005E-003   0.0000000000000000     
   6.9000000000000008E-003   0.0000000000000000     
   7.0000000000000001E-003   0.0000000000000000     
   7.1000000000000004E-003   0.0000000000000000     
   7.2000000000000007E-003   0.0000000000000000     
   7.3000000000000009E-003   0.0000000000000000     
   7.4000000000000003E-003   0.0000000000000000     
   7.5000000000000006E-003   0.0000000000000000     
   7.6000000000000009E-003   0.0000000000000000     
   7.7000000000000002E-003   0.0000000000000000     
   7.8000000000000005E-003   0.0000000000000000     
   7.9000000000000008E-003   0.0000000000000000     
   8.0000000000000002E-003   0.0000000000000000     
   8.1000000000000013E-003   0.0000000000000000     
   8.2000000000000007E-003   0.0000000000000000     
   8.3000000000000001E-003   0.0000000000000000     
   8.4000000000000012E-003   0.0000000000000000     
   8.5000000000000006E-003   0.0000000000000000     
   8.6000000000000000E-003   0.0000000000000000     
   8.7000000000000011E-003   0.0000000000000000     
   8.8000000000000005E-003   0.0000000000000000     
   8.8999999999999999E-003   0.0000000000000000     
   9.0000000000000011E-003   0.0000000000000000     
   9.1000000000000004E-003   0.0000000000000000     
   9.2000000000000016E-003   0.0000000000000000     
   9.3000000000000010E-003   0.0000000000000000     
   9.4000000000000004E-003   0.0000000000000000     
   9.5000000000000015E-003   0.0000000000000000     
   9.6000000000000009E-003   0.0000000000000000     
   9.7000000000000003E-003   0.0000000000000000     
   9.8000000000000014E-003   0.0000000000000000     
   9.9000000000000008E-003   0.0000000000000000     
   1.0000000000000000E-002   0.0000000000000000     
   1.0100000000000001E-002   0.0000000000000000     
   1.0200000000000001E-002   0.0000000000000000     
   1.0300000000000000E-002   0.0000000000000000     
   1.0400000000000001E-002   0.0000000000000000     
   1.0500000000000001E-002   0.0000000000000000     
   1.0600000000000000E-002   0.0000000000000000     
   1.0700000000000001E-002   0.0000000000000000     
   1.0800000000000001E-002   0.0000000000000000     
   1.0900000000000002E-002   0.0000000000000000     
   1.1000000000000001E-002   0.0000000000000000     
   1.1100000000000000E-002   0.0000000000000000     
   1.1200000000000002E-002   0.0000000000000000     
   1.1300000000000001E-002   0.0000000000000000     
   1.1400000000000000E-002   0.0000000000000000     
   1.1500000000000002E-002   0.0000000000000000     
   1.1600000000000001E-002   0.0000000000000000     
   1.1700000000000000E-002   0.0000000000000000     
   1.1800000000000001E-002   0.0000000000000000     
   1.1900000000000001E-002   0.0000000000000000     
   1.2000000000000000E-002   0.0000000000000000     
   1.2100000000000001E-002   0.0000000000000000     
   1.2200000000000001E-002   0.0000000000000000     
   1.2300000000000000E-002   0.0000000000000000     
   1.2400000000000001E-002   0.0000000000000000     
   1.2500000000000001E-002   0.0000000000000000     
   1.2600000000000002E-002   0.0000000000000000     
   1.2700000000000001E-002   0.0000000000000000     
   1.2800000000000001E-002   0.0000000000000000     
   1.2900000000000002E-002   0.0000000000000000     
   1.3000000000000001E-002   0.0000000000000000     
   1.3100000000000001E-002   0.0000000000000000     
   1.3200000000000002E-002   0.0000000000000000     
   1.3300000000000001E-002   0.0000000000000000     
   1.3400000000000000E-002   0.0000000000000000     
   1.3500000000000002E-002   0.0000000000000000     
   1.3600000000000001E-002   0.0000000000000000     
   1.3700000000000000E-002   0.0000000000000000     
   1.3800000000000002E-002   0.0000000000000000     
   1.3900000000000001E-002   0.0000000000000000     
   1.4000000000000000E-002   0.0000000000000000     
   1.4100000000000001E-002   0.0000000000000000     
   1.4200000000000001E-002   0.0000000000000000     
   1.4300000000000002E-002   0.0000000000000000     
   1.4400000000000001E-002   0.0000000000000000     
   1.4500000000000001E-002   0.0000000000000000     
   1.4600000000000002E-002   0.0000000000000000     
   1.4700000000000001E-002   0.0000000000000000     
   1.4800000000000001E-002   0.0000000000000000     
   1.4900000000000002E-002   0.0000000000000000     
   1.5000000000000001E-002   0.0000000000000000     
   1.5100000000000001E-002   0.0000000000000000     
   1.5200000000000002E-002   0.0000000000000000     
   1.5300000000000001E-002   0.0000000000000000     
   1.5400000000000000E-002   0.0000000000000000     
   1.5500000000000002E-002   0.0000000000000000     
   1.5600000000000001E-002   0.0000000000000000     
   1.5700000000000002E-002   0.0000000000000000     
   1.5800000000000002E-002   0.0000000000000000     
   1.5900000000000001E-002   0.0000000000000000     
   1.6000000000000000E-002   0.0000000000000000     
   1.6100000000000000E-002   0.0000000000000000     
   1.6200000000000003E-002   0.0000000000000000     
   1.6300000000000002E-002   0.0000000000000000     
   1.6400000000000001E-002   0.0000000000000000     
   1.6500000000000001E-002   0.0000000000000000     
   1.6600000000000000E-002   0.0000000000000000     
   1.6700000000000003E-002   0.0000000000000000     
   1.6800000000000002E-002   0.0000000000000000     
   1.6900000000000002E-002   0.0000000000000000     
   1.7000000000000001E-002   0.0000000000000000     
   1.7100000000000001E-002   0.0000000000000000     
   1.7200000000000000E-002   0.0000000000000000     
   1.7300000000000003E-002   0.0000000000000000     
   1.7400000000000002E-002   0.0000000000000000     
   1.7500000000000002E-002   0.0000000000000000     
   1.7600000000000001E-002   0.0000000000000000     
   1.7700000000000000E-002   0.0000000000000000     
   1.7800000000000000E-002   0.0000000000000000     
   1.7900000000000003E-002   0.0000000000000000     
   1.8000000000000002E-002   0.0000000000000000     
   1.8100000000000002E-002   0.0000000000000000     
   1.8200000000000001E-002   0.0000000000000000     
   1.8300000000000000E-002   0.0000000000000000     
   1.8400000000000003E-002   0.0000000000000000     
   1.8500000000000003E-002   0.0000000000000000     
   1.8600000000000002E-002   0.0000000000000000     
   1.8700000000000001E-002   0.0000000000000000     
   1.8800000000000001E-002   0.0000000000000000     
   1.8900000000000000E-002   0.0000000000000000     
   1.9000000000000003E-002   0.0000000000000000     
   1.9100000000000002E-002   0.0000000000000000     
   1.9200000000000002E-002   0.0000000000000000     
   1.9300000000000001E-002   0.0000000000000000     
   1.9400000000000001E-002   0.0000000000000000     
   1.9500000000000000E-002   0.0000000000000000     
   1.9600000000000003E-002   0.0000000000000000     
   1.9700000000000002E-002   0.0000000000000000     
   1.9800000000000002E-002   0.0000000000000000     
   1.9900000000000001E-002   0.0000000000000000     
   2.0000000000000000E-002   0.0000000000000000     
   2.0100000000000003E-002   0.0000000000000000     
   2.0200000000000003E-002   0.0000000000000000     
   2.0300000000000002E-002   0.0000000000000000     
   2.0400000000000001E-002   0.0000000000000000     
   2.0500000000000001E-002   0.0000000000000000     
   2.0600000000000000E-002   0.0000000000000000     
   2.0700000000000003E-002   0.0000000000000000     
   2.0800000000000003E-002   0.0000000000000000     
   2.0900000000000002E-002   0.0000000000000000     
   2.1000000000000001E-002   0.0000000000000000     
   2.1100000000000001E-002   0.0000000000000000     
   2.1200000000000000E-002   0.0000000000000000     
   2.1300000000000003E-002   0.0000000000000000     
   2.1400000000000002E-002   0.0000000000000000     
   2.1500000000000002E-002   0.0000000000000000     
   2.1600000000000001E-002   0.0000000000000000     
   2.1700000000000001E-002   0.0000000000000000     
   2.1800000000000003E-002   0.0000000000000000     
   2.1900000000000003E-002   0.0000000000000000     
   2.2000000000000002E-002   0.0000000000000000     
   2.2100000000000002E-002   0.0000000000000000     
   2.2200000000000001E-002   0.0000000000000000     
   2.2300000000000000E-002   0.0000000000000000     
   2.2400000000000003E-002   0.0000000000000000     
   2.2500000000000003E-002   0.0000000000000000     
   2.2600000000000002E-002   0.0000000000000000     
   2.2700000000000001E-002   0.0000000000000000     
   2.2800000000000001E-002   0.0000000000000000     
   2.2900000000000000E-002   0.0000000000000000     
   2.3000000000000003E-002   0.0000000000000000     
   2.3100000000000002E-002   0.0000000000000000     
   2.3200000000000002E-002   0.0000000000000000     
   2.3300000000000001E-002   0.0000000000000000     
   2.3400000000000001E-002   0.0000000000000000     
   2.3500000000000004E-002   0.0000000000000000     
   2.3600000000000003E-002   0.0000000000000000     
   2.3700000000000002E-002   0.0000000000000000     
   2.3800000000000002E-002   0.0000000000000000     
   2.3900000000000001E-002   0.0000000000000000     
   2.4000000000000000E-002   0.0000000000000000     
   2.4100000000000003E-002   0.0000000000000000     
   2.4200000000000003E-002   0.0000000000000000     
   2.4300000000000002E-002   0.0000000000000000     
   2.4400000000000002E-002   0.0000000000000000     
   2.4500000000000001E-002   0.0000000000000000     
   2.4600000000000000E-002   0.0000000000000000     
   2.4700000000000003E-002   0.0000000000000000     
   2.4800000000000003E-002   0.0000000000000000     
   2.4900000000000002E-002   0.0000000000000000     
   2.5000000000000001E-002   0.0000000000000000     
   2.5100000000000001E-002   0.0000000000000000     
   2.5200000000000004E-002   0.0000000000000000     
   2.5300000000000003E-002   0.0000000000000000     
   2.5400000000000002E-002   0.0000000000000000     
   2.5500000000000002E-002   0.0000000000000000     
   2.5600000000000001E-002   0.0000000000000000     
   2.5700000000000001E-002   0.0000000000000000     
   2.5800000000000003E-002   0.0000000000000000     
   2.5900000000000003E-002   0.0000000000000000     
   2.6000000000000002E-002   0.0000000000000000     
   2.6100000000000002E-002   0.0000000000000000     
   2.6200000000000001E-002   0.0000000000000000     
   2.6300000000000000E-002   0.0000000000000000     
   2.6400000000000003E-002   0.0000000000000000     
   2.6500000000000003E-002   0.0000000000000000     
   2.6600000000000002E-002   0.0000000000000000     
   2.6700000000000002E-002   0.0000000000000000     
   2.6800000000000001E-002   0.0000000000000000     
   2.6900000000000004E-002   0.0000000000000000     
   2.7000000000000003E-002   0.0000000000000000     
   2.7100000000000003E-002   0.0000000000000000     
   2.7200000000000002E-002   0.0000000000000000     
   2.7300000000000001E-002   0.0000000000000000     
   2.7400000000000001E-002   0.0000000000000000     
   2.7500000000000004E-002   0.0000000000000000     
   2.7600000000000003E-002   0.0000000000000000     
   2.7700000000000002E-002   0.0000000000000000     
   2.7800000000000002E-002   0.0000000000000000     
   2.7900000000000001E-002   0.0000000000000000     
   2.8000000000000001E-002   0.0000000000000000     
   2.8100000000000003E-002   0.0000000000000000     
   2.8200000000000003E-002   0.0000000000000000     
   2.8300000000000002E-002   0.0000000000000000     
   2.8400000000000002E-002   0.0000000000000000     
   2.8500000000000001E-002   0.0000000000000000     
   2.8600000000000004E-002   0.0000000000000000     
   2.8700000000000003E-002   0.0000000000000000     
   2.8800000000000003E-002   0.0000000000000000     
   2.8900000000000002E-002   0.0000000000000000     
   2.9000000000000001E-002   0.0000000000000000     
   2.9100000000000001E-002   0.0000000000000000     
   2.9200000000000004E-002   0.0000000000000000     
   2.9300000000000003E-002   0.0000000000000000     
   2.9400000000000003E-002   0.0000000000000000     
   2.9500000000000002E-002   0.0000000000000000     
   2.9600000000000001E-002   0.0000000000000000     
   2.9700000000000001E-002   0.0000000000000000     
   2.9800000000000004E-002   0.0000000000000000     
   2.9900000000000003E-002   0.0000000000000000     
   3.0000000000000002E-002   0.0000000000000000     
   3.0100000000000002E-002   0.0000000000000000     
   3.0200000000000001E-002   0.0000000000000000     
   3.0300000000000004E-002   0.0000000000000000     
   3.0400000000000003E-002   0.0000000000000000     
   3.0500000000000003E-002   0.0000000000000000     
   3.0600000000000002E-002   0.0000000000000000     
   3.0700000000000002E-002   0.0000000000000000     
   3.0800000000000001E-002   0.0000000000000000     
   3.0900000000000004E-002   0.0000000000000000     
   3.1000000000000003E-002   0.0000000000000000     
   3.1100000000000003E-002   0.0000000000000000     
   3.1200000000000002E-002   0.0000000000000000     
   3.1300000000000001E-002   0.0000000000000000     
   3.1400000000000004E-002   0.0000000000000000     
   3.1500000000000000E-002   0.0000000000000000     
   3.1600000000000003E-002   0.0000000000000000     
   3.1700000000000006E-002   0.0000000000000000     
   3.1800000000000002E-002   0.0000000000000000     
   3.1900000000000005E-002   0.0000000000000000     
   3.2000000000000001E-002   0.0000000000000000     
   3.2100000000000004E-002   0.0000000000000000     
   3.2199999999999999E-002   0.0000000000000000     
   3.2300000000000002E-002   0.0000000000000000     
   3.2400000000000005E-002   0.0000000000000000     
   3.2500000000000001E-002   0.0000000000000000     
   3.2600000000000004E-002   0.0000000000000000     
   3.2700000000000000E-002   0.0000000000000000     
   3.2800000000000003E-002   0.0000000000000000     
   3.2900000000000006E-002   0.0000000000000000     
   3.3000000000000002E-002   0.0000000000000000     
   3.3100000000000004E-002   0.0000000000000000     
   3.3200000000000000E-002   0.0000000000000000     
   3.3300000000000003E-002   0.0000000000000000     
   3.3400000000000006E-002   0.0000000000000000     
   3.3500000000000002E-002   0.0000000000000000     
   3.3600000000000005E-002   0.0000000000000000     
   3.3700000000000001E-002   0.0000000000000000     
   3.3800000000000004E-002   0.0000000000000000     
   3.3900000000000000E-002   0.0000000000000000     
   3.4000000000000002E-002   0.0000000000000000     
   3.4100000000000005E-002   0.0000000000000000     
   3.4200000000000001E-002   0.0000000000000000     
   3.4300000000000004E-002   0.0000000000000000     
   3.4400000000000000E-002   0.0000000000000000     
   3.4500000000000003E-002   0.0000000000000000     
   3.4600000000000006E-002   0.0000000000000000     
   3.4700000000000002E-002   0.0000000000000000     
   3.4800000000000005E-002   0.0000000000000000     
   3.4900000000000000E-002   0.0000000000000000     
   3.5000000000000003E-002   0.0000000000000000     
   3.5100000000000006E-002   0.0000000000000000     
   3.5200000000000002E-002   0.0000000000000000     
   3.5300000000000005E-002   0.0000000000000000     
   3.5400000000000001E-002   0.0000000000000000     
   3.5500000000000004E-002   0.0000000000000000     
   3.5600000000000000E-002   0.0000000000000000     
   3.5700000000000003E-002   0.0000000000000000     
   3.5800000000000005E-002   0.0000000000000000     
   3.5900000000000001E-002   0.0000000000000000     
   3.6000000000000004E-002   0.0000000000000000     
   3.6100000000000000E-002   0.0000000000000000     
   3.6200000000000003E-002   0.0000000000000000     
   3.6300000000000006E-002   0.0000000000000000     
   3.6400000000000002E-002   0.0000000000000000     
   3.6500000000000005E-002   0.0000000000000000     
   3.6600000000000001E-002   0.0000000000000000     
   3.6700000000000003E-002   0.0000000000000000     
   3.6800000000000006E-002   0.0000000000000000     
   3.6900000000000002E-002   0.0000000000000000     
   3.7000000000000005E-002   0.0000000000000000     
   3.7100000000000001E-002   0.0000000000000000     
   3.7200000000000004E-002   0.0000000000000000     
   3.7300000000000000E-002   0.0000000000000000     
   3.7400000000000003E-002   0.0000000000000000     
   3.7500000000000006E-002   0.0000000000000000     
   3.7600000000000001E-002   0.0000000000000000     
   3.7700000000000004E-002   0.0000000000000000     
   3.7800000000000000E-002   0.0000000000000000     
   3.7900000000000003E-002   0.0000000000000000     
   3.8000000000000006E-002   0.0000000000000000     
   3.8100000000000002E-002   0.0000000000000000     
   3.8200000000000005E-002   0.0000000000000000     
   3.8300000000000001E-002   0.0000000000000000     
   3.8400000000000004E-002   0.0000000000000000     
   3.8500000000000006E-002   0.0000000000000000     
   3.8600000000000002E-002   0.0000000000000000     
   3.8700000000000005E-002   0.0000000000000000     
   3.8800000000000001E-002   0.0000000000000000     
   3.8900000000000004E-002   0.0000000000000000     
   3.9000000000000000E-002   0.0000000000000000     
   3.9100000000000003E-002   0.0000000000000000     
   3.9200000000000006E-002   0.0000000000000000     
   3.9300000000000002E-002   0.0000000000000000     
   3.9400000000000004E-002   0.0000000000000000     
   3.9500000000000000E-002   0.0000000000000000     
   3.9600000000000003E-002   0.0000000000000000     
   3.9700000000000006E-002   0.0000000000000000     
   3.9800000000000002E-002   0.0000000000000000     
   3.9900000000000005E-002   0.0000000000000000     
   4.0000000000000001E-002   0.0000000000000000     
