   1.0000000000000000E-004   3146.7264491660294     
   2.0000000000000001E-004   3146.7264578431400     
   3.0000000000000003E-004   3146.7264665202588     
   4.0000000000000002E-004   3146.7264751973862     
   5.0000000000000001E-004   3146.7264838745214     
   6.0000000000000006E-004   3146.7264925516643     
   7.0000000000000010E-004   3146.7265012288153     
   8.0000000000000004E-004   3146.7265099059746     
   9.0000000000000008E-004   3146.7265185831420     
   1.0000000000000000E-003   3146.7265272603177     
   1.1000000000000001E-003   3146.7265359375010     
   1.2000000000000001E-003   3146.7265446146926     
   1.3000000000000002E-003   3146.7265532918923     
   1.4000000000000002E-003   3146.7265619690997     
   1.5000000000000000E-003   3146.7265706463158     
   1.6000000000000001E-003   3146.7265793235397     
   1.7000000000000001E-003   3146.7265880007712     
   1.8000000000000002E-003   3146.7265966780114     
   1.9000000000000002E-003   3146.7266053552594     
   2.0000000000000000E-003   3146.7266140325155     
   2.1000000000000003E-003   3146.7266227097798     
   2.2000000000000001E-003   3146.7266313870518     
   2.3000000000000004E-003   3146.7266400643325     
   2.4000000000000002E-003   3146.7266487416209     
   2.5000000000000001E-003   3146.7266574189175     
   2.6000000000000003E-003   3146.7266660962218     
   2.7000000000000001E-003   3146.7266747735348     
   2.8000000000000004E-003   3146.7266834508550     
   2.9000000000000002E-003   3146.7266921281839     
   3.0000000000000001E-003   3146.7267008055205     
   3.1000000000000003E-003   3146.7267094828658     
   3.2000000000000002E-003   3146.7267181602188     
   3.3000000000000004E-003   3146.7267268375799     
   3.4000000000000002E-003   3146.7267355149488     
   3.5000000000000001E-003   3146.7267441923259     
   3.6000000000000003E-003   3146.7267528697112     
   3.7000000000000002E-003   3146.7267615471046     
   3.8000000000000004E-003   3146.7267702245058     
   3.9000000000000003E-003   3146.7267789019156     
   4.0000000000000001E-003   3146.7267875793332     
   4.1000000000000003E-003   3146.7267962567585     
   4.2000000000000006E-003   3146.7268049341924     
   4.3000000000000000E-003   3146.7268136116340     
   4.4000000000000003E-003   3146.7268222890843     
   4.5000000000000005E-003   3146.7268309665424     
   4.6000000000000008E-003   3146.7268396440081     
   4.7000000000000002E-003   3146.7268483214816     
   4.8000000000000004E-003   3146.7268569989637     
   4.9000000000000007E-003   3146.7268656764545     
   5.0000000000000001E-003   3146.7268743539530     
   5.1000000000000004E-003   3146.7268830314592     
   5.2000000000000006E-003   3146.7268917089732     
   5.3000000000000000E-003   3146.7269003864958     
   5.4000000000000003E-003   3146.7269090640266     
   5.5000000000000005E-003   3146.7269177415651     
   5.6000000000000008E-003   3146.7269264191118     
   5.7000000000000002E-003   3146.7269350966667     
   5.8000000000000005E-003   3146.7269437742293     
   5.9000000000000007E-003   3146.7269524518006     
   6.0000000000000001E-003   3146.7269611293791     
   6.1000000000000004E-003   3146.7269698069663     
   6.2000000000000006E-003   3146.7269784845612     
   6.3000000000000009E-003   3146.7269871621647     
   6.4000000000000003E-003   3146.7269958397760     
   6.5000000000000006E-003   3146.7270045173955     
   6.6000000000000008E-003   3146.7270131950227     
   6.7000000000000002E-003   3146.7270218726585     
   6.8000000000000005E-003   3146.7270305503016     
   6.9000000000000008E-003   3146.7270392279534     
   7.0000000000000001E-003   3146.7270479056128     
   7.1000000000000004E-003   3146.7270565832810     
   7.2000000000000007E-003   3146.7270652609568     
   7.3000000000000009E-003   3146.7270739386408     
   7.4000000000000003E-003   3146.7270826163326     
   7.5000000000000006E-003   3146.7270912940326     
   7.6000000000000009E-003   3146.7270999717407     
   7.7000000000000002E-003   3146.7271086494570     
   7.8000000000000005E-003   3146.7271173271815     
   7.9000000000000008E-003   3146.7271260049138     
   8.0000000000000002E-003   3146.7271346826542     
   8.1000000000000013E-003   3146.7271433604024     
   8.2000000000000007E-003   3146.7271520381591     
   8.3000000000000001E-003   3146.7271607159237     
   8.4000000000000012E-003   3146.7271693936964     
   8.5000000000000006E-003   3146.7271780714773     
   8.6000000000000000E-003   3146.7271867492659     
   8.7000000000000011E-003   3146.7271954270632     
   8.8000000000000005E-003   3146.7272041048677     
   8.8999999999999999E-003   3146.7272127826814     
   9.0000000000000011E-003   3146.7272214605023     
   9.1000000000000004E-003   3146.7272301383314     
   9.2000000000000016E-003   3146.7272388161687     
   9.3000000000000010E-003   3146.7272474940141     
   9.4000000000000004E-003   3146.7272561718673     
   9.5000000000000015E-003   3146.7272648497292     
   9.6000000000000009E-003   3146.7272735275983     
   9.7000000000000003E-003   3146.7272822054765     
   9.8000000000000014E-003   3146.7272908833615     
   9.9000000000000008E-003   3146.7272995612557     
   1.0000000000000000E-002   3146.7273082391571     
   1.0100000000000001E-002   3146.7273169170671     
   1.0200000000000001E-002   3146.7273255949854     
   1.0300000000000000E-002   3146.7273342729113     
   1.0400000000000001E-002   3146.7273429508455     
   1.0500000000000001E-002   3146.7273516287878     
   1.0600000000000000E-002   3146.7273603067379     
   1.0700000000000001E-002   3146.7273689846966     
   1.0800000000000001E-002   3146.7273776626630     
   1.0900000000000002E-002   3146.7273863406376     
   1.1000000000000001E-002   3146.7273950186200     
   1.1100000000000000E-002   3146.7274036966105     
   1.1200000000000002E-002   3146.7274123746092     
   1.1300000000000001E-002   3146.7274210526161     
   1.1400000000000000E-002   3146.7274297306308     
   1.1500000000000002E-002   3146.7274384086536     
   1.1600000000000001E-002   3146.7274470866846     
   1.1700000000000000E-002   3146.7274557647238     
   1.1800000000000001E-002   3146.7274644427707     
   1.1900000000000001E-002   3146.7274731208258     
   1.2000000000000000E-002   3146.7274817988896     
   1.2100000000000001E-002   3146.7274904769606     
   1.2200000000000001E-002   3146.7274991550403     
   1.2300000000000000E-002   3146.7275078331277     
   1.2400000000000001E-002   3146.7275165112233     
   1.2500000000000001E-002   3146.7275251893266     
   1.2600000000000002E-002   3146.7275338674385     
   1.2700000000000001E-002   3146.7275425455582     
   1.2800000000000001E-002   3146.7275512236861     
   1.2900000000000002E-002   3146.7275599018221     
   1.3000000000000001E-002   3146.7275685799664     
   1.3100000000000001E-002   3146.7275772581179     
   1.3200000000000002E-002   3146.7275859362785     
   1.3300000000000001E-002   3146.7275946144464     
   1.3400000000000000E-002   3146.7276032926229     
   1.3500000000000002E-002   3146.7276119708072     
   1.3600000000000001E-002   3146.7276206489996     
   1.3700000000000000E-002   3146.7276293272002     
   1.3800000000000002E-002   3146.7276380054086     
   1.3900000000000001E-002   3146.7276466836252     
   1.4000000000000000E-002   3146.7276553618499     
   1.4100000000000001E-002   3146.7276640400828     
   1.4200000000000001E-002   3146.7276727183239     
   1.4300000000000002E-002   3146.7276813965727     
   1.4400000000000001E-002   3146.7276900748298     
   1.4500000000000001E-002   3146.7276987530950     
   1.4600000000000002E-002   3146.7277074313679     
   1.4700000000000001E-002   3146.7277161096490     
   1.4800000000000001E-002   3146.7277247879383     
   1.4900000000000002E-002   3146.7277334662353     
   1.5000000000000001E-002   3146.7277421445410     
   1.5100000000000001E-002   3146.7277508228544     
   1.5200000000000002E-002   3146.7277595011760     
   1.5300000000000001E-002   3146.7277681795058     
   1.5400000000000000E-002   3146.7277768578433     
   1.5500000000000002E-002   3146.7277855361895     
   1.5600000000000001E-002   3146.7277942145429     
   1.5700000000000002E-002   3146.7278028929049     
   1.5800000000000002E-002   3146.7278115712747     
   1.5900000000000001E-002   3146.7278202496527     
   1.6000000000000000E-002   3146.7278289280393     
   1.6100000000000000E-002   3146.7278376064337     
   1.6200000000000003E-002   3146.7278462848358     
   1.6300000000000002E-002   3146.7278549632460     
   1.6400000000000001E-002   3146.7278636416645     
   1.6500000000000001E-002   3146.7278723200907     
   1.6600000000000000E-002   3146.7278809985255     
   1.6700000000000003E-002   3146.7278896769681     
   1.6800000000000002E-002   3146.7278983554188     
   1.6900000000000002E-002   3146.7279070338777     
   1.7000000000000001E-002   3146.7279157123444     
   1.7100000000000001E-002   3146.7279243908197     
   1.7200000000000000E-002   3146.7279330693027     
   1.7300000000000003E-002   3146.7279417477935     
   1.7400000000000002E-002   3146.7279504262929     
   1.7500000000000002E-002   3146.7279591048000     
   1.7600000000000001E-002   3146.7279677833149     
   1.7700000000000000E-002   3146.7279764618384     
   1.7800000000000000E-002   3146.7279851403696     
   1.7900000000000003E-002   3146.7279938189095     
   1.8000000000000002E-002   3146.7280024974571     
   1.8100000000000002E-002   3146.7280111760124     
   1.8200000000000001E-002   3146.7280198545764     
   1.8300000000000000E-002   3146.7280285331481     
   1.8400000000000003E-002   3146.7280372117280     
   1.8500000000000003E-002   3146.7280458903156     
   1.8600000000000002E-002   3146.7280545689118     
   1.8700000000000001E-002   3146.7280632475158     
   1.8800000000000001E-002   3146.7280719261280     
   1.8900000000000000E-002   3146.7280806047484     
   1.9000000000000003E-002   3146.7280892833764     
   1.9100000000000002E-002   3146.7280979620127     
   1.9200000000000002E-002   3146.7281066406576     
   1.9300000000000001E-002   3146.7281153193103     
   1.9400000000000001E-002   3146.7281239979707     
   1.9500000000000000E-002   3146.7281326766388     
   1.9600000000000003E-002   3146.7281413553155     
   1.9700000000000002E-002   3146.7281500340005     
   1.9800000000000002E-002   3146.7281587126936     
   1.9900000000000001E-002   3146.7281673913944     
   2.0000000000000000E-002   3146.7281760701035     
   2.0100000000000003E-002   3146.7281847488202     
   2.0200000000000003E-002   3146.7281934275452     
   2.0300000000000002E-002   3146.7282021062788     
   2.0400000000000001E-002   3146.7282107850201     
   2.0500000000000001E-002   3146.7282194637692     
   2.0600000000000000E-002   3146.7282281425269     
   2.0700000000000003E-002   3146.7282368212923     
   2.0800000000000003E-002   3146.7282455000659     
   2.0900000000000002E-002   3146.7282541788477     
   2.1000000000000001E-002   3146.7282628576372     
   2.1100000000000001E-002   3146.7282715364349     
   2.1200000000000000E-002   3146.7282802152408     
   2.1300000000000003E-002   3146.7282888940549     
   2.1400000000000002E-002   3146.7282975728767     
   2.1500000000000002E-002   3146.7283062517067     
   2.1600000000000001E-002   3146.7283149305449     
   2.1700000000000001E-002   3146.7283236093913     
   2.1800000000000003E-002   3146.7283322882454     
   2.1900000000000003E-002   3146.7283409671081     
   2.2000000000000002E-002   3146.7283496459786     
   2.2100000000000002E-002   3146.7283583248568     
   2.2200000000000001E-002   3146.7283670037432     
   2.2300000000000000E-002   3146.7283756826378     
   2.2400000000000003E-002   3146.7283843615410     
   2.2500000000000003E-002   3146.7283930404515     
   2.2600000000000002E-002   3146.7284017193701     
   2.2700000000000001E-002   3146.7284103982975     
   2.2800000000000001E-002   3146.7284190772325     
   2.2900000000000000E-002   3146.7284277561757     
   2.3000000000000003E-002   3146.7284364351267     
   2.3100000000000002E-002   3146.7284451140858     
   2.3200000000000002E-002   3146.7284537930527     
   2.3300000000000001E-002   3146.7284624720282     
   2.3400000000000001E-002   3146.7284711510119     
   2.3500000000000004E-002   3146.7284798300029     
   2.3600000000000003E-002   3146.7284885090030     
   2.3700000000000002E-002   3146.7284971880104     
   2.3800000000000002E-002   3146.7285058670263     
   2.3900000000000001E-002   3146.7285145460501     
   2.4000000000000000E-002   3146.7285232250820     
   2.4100000000000003E-002   3146.7285319041221     
   2.4200000000000003E-002   3146.7285405831699     
   2.4300000000000002E-002   3146.7285492622259     
   2.4400000000000002E-002   3146.7285579412901     
   2.4500000000000001E-002   3146.7285666203625     
   2.4600000000000000E-002   3146.7285752994426     
   2.4700000000000003E-002   3146.7285839785309     
   2.4800000000000003E-002   3146.7285926576274     
   2.4900000000000002E-002   3146.7286013367320     
   2.5000000000000001E-002   3146.7286100158444     
   2.5100000000000001E-002   3146.7286186949650     
   2.5200000000000004E-002   3146.7286273740938     
   2.5300000000000003E-002   3146.7286360532307     
   2.5400000000000002E-002   3146.7286447323754     
   2.5500000000000002E-002   3146.7286534115283     
   2.5600000000000001E-002   3146.7286620906893     
   2.5700000000000001E-002   3146.7286707698586     
   2.5800000000000003E-002   3146.7286794490356     
   2.5900000000000003E-002   3146.7286881282207     
   2.6000000000000002E-002   3146.7286968074141     
   2.6100000000000002E-002   3146.7287054866156     
   2.6200000000000001E-002   3146.7287141658248     
   2.6300000000000000E-002   3146.7287228450423     
   2.6400000000000003E-002   3146.7287315242679     
   2.6500000000000003E-002   3146.7287402035017     
   2.6600000000000002E-002   3146.7287488827433     
   2.6700000000000002E-002   3146.7287575619930     
   2.6800000000000001E-002   3146.7287662412514     
   2.6900000000000004E-002   3146.7287749205170     
   2.7000000000000003E-002   3146.7287835997909     
   2.7100000000000003E-002   3146.7287922790733     
   2.7200000000000002E-002   3146.7288009583631     
   2.7300000000000001E-002   3146.7288096376610     
   2.7400000000000001E-002   3146.7288183169676     
   2.7500000000000004E-002   3146.7288269962819     
   2.7600000000000003E-002   3146.7288356756044     
   2.7700000000000002E-002   3146.7288443549351     
   2.7800000000000002E-002   3146.7288530342735     
   2.7900000000000001E-002   3146.7288617136201     
   2.8000000000000001E-002   3146.7288703929748     
   2.8100000000000003E-002   3146.7288790723378     
   2.8200000000000003E-002   3146.7288877517090     
   2.8300000000000002E-002   3146.7288964310878     
   2.8400000000000002E-002   3146.7289051104744     
   2.8500000000000001E-002   3146.7289137898692     
   2.8600000000000004E-002   3146.7289224692731     
   2.8700000000000003E-002   3146.7289311486838     
   2.8800000000000003E-002   3146.7289398281032     
   2.8900000000000002E-002   3146.7289485075307     
   2.9000000000000001E-002   3146.7289571869665     
   2.9100000000000001E-002   3146.7289658664095     
   2.9200000000000004E-002   3146.7289745458611     
   2.9300000000000003E-002   3146.7289832253205     
   2.9400000000000003E-002   3146.7289919047885     
   2.9500000000000002E-002   3146.7290005842642     
   2.9600000000000001E-002   3146.7290092637481     
   2.9700000000000001E-002   3146.7290179432403     
   2.9800000000000004E-002   3146.7290266227401     
   2.9900000000000003E-002   3146.7290353022481     
   3.0000000000000002E-002   3146.7290439817643     
   3.0100000000000002E-002   3146.7290526612887     
   3.0200000000000001E-002   3146.7290613408209     
   3.0300000000000004E-002   3146.7290700203612     
   3.0400000000000003E-002   3146.7290786999097     
   3.0500000000000003E-002   3146.7290873794659     
   3.0600000000000002E-002   3146.7290960590308     
   3.0700000000000002E-002   3146.7291047386034     
   3.0800000000000001E-002   3146.7291134181837     
   3.0900000000000004E-002   3146.7291220977727     
   3.1000000000000003E-002   3146.7291307773698     
   3.1100000000000003E-002   3146.7291394569747     
   3.1200000000000002E-002   3146.7291481365878     
   3.1300000000000001E-002   3146.7291568162086     
   3.1400000000000004E-002   3146.7291654958376     
   3.1500000000000000E-002   3146.7291741754748     
   3.1600000000000003E-002   3146.7291828551206     
   3.1700000000000006E-002   3146.7291915347741     
   3.1800000000000002E-002   3146.7292002144354     
   3.1900000000000005E-002   3146.7292088941044     
   3.2000000000000001E-002   3146.7292175737821     
   3.2100000000000004E-002   3146.7292262534684     
   3.2199999999999999E-002   3146.7292349331615     
   3.2300000000000002E-002   3146.7292436128632     
   3.2400000000000005E-002   3146.7292522925736     
   3.2500000000000001E-002   3146.7292609722908     
   3.2600000000000004E-002   3146.7292696520176     
   3.2700000000000000E-002   3146.7292783317512     
   3.2800000000000003E-002   3146.7292870114934     
   3.2900000000000006E-002   3146.7292956912434     
   3.3000000000000002E-002   3146.7293043710019     
   3.3100000000000004E-002   3146.7293130507683     
   3.3200000000000000E-002   3146.7293217305428     
   3.3300000000000003E-002   3146.7293304103250     
   3.3400000000000006E-002   3146.7293390901159     
   3.3500000000000002E-002   3146.7293477699145     
   3.3600000000000005E-002   3146.7293564497213     
   3.3700000000000001E-002   3146.7293651295363     
   3.3800000000000004E-002   3146.7293738093590     
   3.3900000000000000E-002   3146.7293824891899     
   3.4000000000000002E-002   3146.7293911690290     
   3.4100000000000005E-002   3146.7293998488763     
   3.4200000000000001E-002   3146.7294085287313     
   3.4300000000000004E-002   3146.7294172085944     
   3.4400000000000000E-002   3146.7294258884654     
   3.4500000000000003E-002   3146.7294345683449     
   3.4600000000000006E-002   3146.7294432482327     
   3.4700000000000002E-002   3146.7294519281281     
   3.4800000000000005E-002   3146.7294606080313     
   3.4900000000000000E-002   3146.7294692879432     
   3.5000000000000003E-002   3146.7294779678627     
   3.5100000000000006E-002   3146.7294866477905     
   3.5200000000000002E-002   3146.7294953277265     
   3.5300000000000005E-002   3146.7295040076701     
   3.5400000000000001E-002   3146.7295126876224     
   3.5500000000000004E-002   3146.7295213675825     
   3.5600000000000000E-002   3146.7295300475507     
   3.5700000000000003E-002   3146.7295387275271     
   3.5800000000000005E-002   3146.7295474075113     
   3.5900000000000001E-002   3146.7295560875036     
   3.6000000000000004E-002   3146.7295647675041     
   3.6100000000000000E-002   3146.7295734475124     
   3.6200000000000003E-002   3146.7295821275293     
   3.6300000000000006E-002   3146.7295908075539     
   3.6400000000000002E-002   3146.7295994875867     
   3.6500000000000005E-002   3146.7296081676277     
   3.6600000000000001E-002   3146.7296168476764     
   3.6700000000000003E-002   3146.7296255277333     
   3.6800000000000006E-002   3146.7296342077984     
   3.6900000000000002E-002   3146.7296428878713     
   3.7000000000000005E-002   3146.7296515679523     
   3.7100000000000001E-002   3146.7296602480415     
   3.7200000000000004E-002   3146.7296689281388     
   3.7300000000000000E-002   3146.7296776082444     
   3.7400000000000003E-002   3146.7296862883577     
   3.7500000000000006E-002   3146.7296949684792     
   3.7600000000000001E-002   3146.7297036486088     
   3.7700000000000004E-002   3146.7297123287462     
   3.7800000000000000E-002   3146.7297210088923     
   3.7900000000000003E-002   3146.7297296890456     
   3.8000000000000006E-002   3146.7297383692080     
   3.8100000000000002E-002   3146.7297470493777     
   3.8200000000000005E-002   3146.7297557295556     
   3.8300000000000001E-002   3146.7297644097416     
   3.8400000000000004E-002   3146.7297730899359     
   3.8500000000000006E-002   3146.7297817701383     
   3.8600000000000002E-002   3146.7297904503489     
   3.8700000000000005E-002   3146.7297991305668     
   3.8800000000000001E-002   3146.7298078107933     
   3.8900000000000004E-002   3146.7298164910280     
   3.9000000000000000E-002   3146.7298251712705     
   3.9100000000000003E-002   3146.7298338515211     
   3.9200000000000006E-002   3146.7298425317799     
   3.9300000000000002E-002   3146.7298512120465     
   3.9400000000000004E-002   3146.7298598923212     
   3.9500000000000000E-002   3146.7298685726046     
   3.9600000000000003E-002   3146.7298772528952     
   3.9700000000000006E-002   3146.7298859331945     
   3.9800000000000002E-002   3146.7298946135020     
   3.9900000000000005E-002   3146.7299032938167     
   4.0000000000000001E-002   3146.7299119741406     
