   1.0000000000000000E-004   6.9811753219924108E-005
   2.0000000000000001E-004   3.1113633225176017E-004
   3.0000000000000003E-004   7.2483561059205007E-004
   4.0000000000000002E-004   1.3109095882407956E-003
   5.0000000000000001E-004   2.0693582651979971E-003
   6.0000000000000006E-004   3.0001816414636489E-003
   7.0000000000000010E-004   4.1033797170377528E-003
   8.0000000000000004E-004   5.3789524919203172E-003
   9.0000000000000008E-004   6.8268999661113472E-003
   1.0000000000000000E-003   8.4472221396108185E-003
   1.1000000000000001E-003   1.0239919012418731E-002
   1.2000000000000001E-003   1.2204990584535108E-002
   1.3000000000000002E-003   1.4342436855959947E-002
   1.4000000000000002E-003   1.6652257826693235E-002
   1.5000000000000000E-003   1.9134453496734989E-002
   1.6000000000000001E-003   2.1789023866085180E-002
   1.7000000000000001E-003   2.4615968934743864E-002
   1.8000000000000002E-003   2.7615288702710933E-002
   1.9000000000000002E-003   3.0786983169986511E-002
   2.0000000000000000E-003   3.4131052336570489E-002
   2.1000000000000003E-003   3.7647496202462986E-002
   2.2000000000000001E-003   4.1336314767663862E-002
   2.3000000000000004E-003   4.5197508032173234E-002
   2.4000000000000002E-003   4.9231075995991101E-002
   2.5000000000000001E-003   5.3437018659117368E-002
   2.6000000000000003E-003   5.7815336021552137E-002
   2.7000000000000001E-003   6.2366028083295312E-002
   2.8000000000000004E-003   6.7089094844346997E-002
   2.9000000000000002E-003   7.1984536304707095E-002
   3.0000000000000001E-003   7.7052352464375667E-002
   3.1000000000000003E-003   8.2292543323352660E-002
   3.2000000000000002E-003   8.7705108881638155E-002
   3.3000000000000004E-003   9.3290049139232056E-002
   3.4000000000000002E-003   9.9047364096134433E-002
   3.5000000000000001E-003  0.10497705375234531     
   3.6000000000000003E-003  0.11107911810786454     
   3.7000000000000002E-003  0.11735355716269232     
   3.8000000000000004E-003  0.12380037091682841     
   3.9000000000000003E-003  0.13041955937027327     
   4.0000000000000001E-003  0.13721112252302628     
   4.1000000000000003E-003  0.14417506037508770     
   4.2000000000000006E-003  0.15131137292645791     
   4.3000000000000000E-003  0.15862006017713617     
   4.4000000000000003E-003  0.16610112212712297     
   4.5000000000000005E-003  0.17375455877641868     
   4.6000000000000008E-003  0.18158037012502240     
   4.7000000000000002E-003  0.18957855617293456     
   4.8000000000000004E-003  0.19774911692015515     
   4.9000000000000007E-003  0.20609205236668482     
   5.0000000000000001E-003  0.21460736251252233     
   5.1000000000000004E-003  0.22329504735766831     
   5.2000000000000006E-003  0.23215510690212324     
   5.3000000000000000E-003  0.24118754114588575     
   5.4000000000000003E-003  0.25039235008895727     
   5.5000000000000005E-003  0.25976953373133727     
   5.6000000000000008E-003  0.26931909207302540     
   5.7000000000000002E-003  0.27904102511402290     
   5.8000000000000005E-003  0.28893533285432771     
   5.9000000000000007E-003  0.29900201529394177     
   6.0000000000000001E-003  0.30924107243286375     
   6.1000000000000004E-003  0.31965250427109443     
   6.2000000000000006E-003  0.33023631080863319     
   6.3000000000000009E-003  0.34099249204548132     
   6.4000000000000003E-003  0.35192104798163704     
   6.5000000000000006E-003  0.36302197861710134     
   6.6000000000000008E-003  0.37429528395187428     
   6.7000000000000002E-003  0.38574096398595575     
   6.8000000000000005E-003  0.39735901871934581     
   6.9000000000000008E-003  0.40914944815204374     
   7.0000000000000001E-003  0.42111225228405014     
   7.1000000000000004E-003  0.43324743111536601     
   7.2000000000000007E-003  0.44555498464598947     
   7.3000000000000009E-003  0.45803491287592146     
   7.4000000000000003E-003  0.47068721580516210     
   7.5000000000000006E-003  0.48351189343371143     
   7.6000000000000009E-003  0.49650894576156840     
   7.7000000000000002E-003  0.50967837278873462     
   7.8000000000000005E-003  0.52302017451520877     
   7.9000000000000008E-003  0.53653435094099211     
   8.0000000000000002E-003  0.55022090206608276     
   8.1000000000000013E-003  0.56407982789048272     
   8.2000000000000007E-003  0.57811112841419221     
   8.3000000000000001E-003  0.59231480363720723     
   8.4000000000000012E-003  0.60669085355953267     
   8.5000000000000006E-003  0.62123927818116598     
   8.6000000000000000E-003  0.63596007750210826     
   8.7000000000000011E-003  0.65085325152235896     
   8.8000000000000005E-003  0.66591880024191741     
   8.8999999999999999E-003  0.68115672366078461     
   9.0000000000000011E-003  0.69656702177896046     
   9.1000000000000004E-003  0.71214969459644450     
   9.2000000000000016E-003  0.72790474211323763     
   9.3000000000000010E-003  0.74383216432933863     
   9.4000000000000004E-003  0.75993196124474804     
   9.5000000000000015E-003  0.77620413285946621     
   9.6000000000000009E-003  0.79264867917349291     
   9.7000000000000003E-003  0.80926560018682803     
   9.8000000000000014E-003  0.82605489589947245     
   9.9000000000000008E-003  0.84301656631142396     
   1.0000000000000000E-002  0.86015061142268279     
   1.0100000000000001E-002  0.87745703123325247     
   1.0200000000000001E-002  0.89493582574312980     
   1.0300000000000000E-002  0.91258699495231677     
   1.0400000000000001E-002  0.93041053886081049     
   1.0500000000000001E-002  0.94840645746861241     
   1.0600000000000000E-002  0.96657475077572375     
   1.0700000000000001E-002  0.98491541878214384     
   1.0800000000000001E-002   1.0034284614878708     
   1.0900000000000002E-002   1.0221138788929081     
   1.1000000000000001E-002   1.0409716709972534     
   1.1100000000000000E-002   1.0600018378009048     
   1.1200000000000002E-002   1.0792043793038670     
   1.1300000000000001E-002   1.0985792955061386     
   1.1400000000000000E-002   1.1181265864077146     
   1.1500000000000002E-002   1.1378462520086035     
   1.1600000000000001E-002   1.1577382923087989     
   1.1700000000000000E-002   1.1778027073083024     
   1.1800000000000001E-002   1.1980394970071153     
   1.1900000000000001E-002   1.2184486614052357     
   1.2000000000000000E-002   1.2390302005026657     
   1.2100000000000001E-002   1.2597841142994062     
   1.2200000000000001E-002   1.2807104027954508     
   1.2300000000000000E-002   1.3018090659908055     
   1.2400000000000001E-002   1.3230801038854685     
   1.2500000000000001E-002   1.3445235164794411     
   1.2600000000000002E-002   1.3661393037727203     
   1.2700000000000001E-002   1.3879274657653107     
   1.2800000000000001E-002   1.4098880024572067     
   1.2900000000000002E-002   1.4320209138484139     
   1.3000000000000001E-002   1.4543261999389270     
   1.3100000000000001E-002   1.4768038607287504     
   1.3200000000000002E-002   1.4994538962178807     
   1.3300000000000001E-002   1.5222763064063183     
   1.3400000000000000E-002   1.5452710912940657     
   1.3500000000000002E-002   1.5684382508811225     
   1.3600000000000001E-002   1.5917777851674884     
   1.3700000000000000E-002   1.6152896941531592     
   1.3800000000000002E-002   1.6389739778381434     
   1.3900000000000001E-002   1.6628306362224337     
   1.4000000000000000E-002   1.6868596693060314     
   1.4100000000000001E-002   1.7110610770889381     
   1.4200000000000001E-002   1.7354348595711537     
   1.4300000000000002E-002   1.7599810167526788     
   1.4400000000000001E-002   1.7846995486335104     
   1.4500000000000001E-002   1.8095904552136528     
   1.4600000000000002E-002   1.8346537364931008     
   1.4700000000000001E-002   1.8598893924718576     
   1.4800000000000001E-002   1.8852974231499218     
   1.4900000000000002E-002   1.9108778285272998     
   1.5000000000000001E-002   1.9366306086039800     
   1.5100000000000001E-002   1.9625557633799746     
   1.5200000000000002E-002   1.9886532928552729     
   1.5300000000000001E-002   2.0149231970298835     
   1.5400000000000000E-002   2.0413654759037985     
   1.5500000000000002E-002   2.0679801294770224     
   1.5600000000000001E-002   2.0947671577495584     
   1.5700000000000002E-002   2.1217265607214002     
