   1.0000000000000000E-004   3146.7263788815198     
   2.0000000000000001E-004   3146.7261445998320     
   3.0000000000000003E-004   3146.7257367761536     
   4.0000000000000002E-004   3146.7251554104846     
   5.0000000000000001E-004   3146.7244005028247     
   6.0000000000000006E-004   3146.7234720531737     
   7.0000000000000010E-004   3146.7223700615318     
   8.0000000000000004E-004   3146.7210945278994     
   9.0000000000000008E-004   3146.7196454522759     
   1.0000000000000000E-003   3146.7180228346620     
   1.1000000000000001E-003   3146.7162266750570     
   1.2000000000000001E-003   3146.7142569734610     
   1.3000000000000002E-003   3146.7121137298745     
   1.4000000000000002E-003   3146.7097969442971     
   1.5000000000000000E-003   3146.7073066167291     
   1.6000000000000001E-003   3146.7046427471701     
   1.7000000000000001E-003   3146.7018053356201     
   1.8000000000000002E-003   3146.6987943820795     
   1.9000000000000002E-003   3146.6956098865480     
   2.0000000000000000E-003   3146.6922518490255     
   2.1000000000000003E-003   3146.6887202695125     
   2.2000000000000001E-003   3146.6850151480085     
   2.3000000000000004E-003   3146.6811364845139     
   2.4000000000000002E-003   3146.6770842790283     
   2.5000000000000001E-003   3146.6728585315518     
   2.6000000000000003E-003   3146.6684592420847     
   2.7000000000000001E-003   3146.6638864106267     
   2.8000000000000004E-003   3146.6591400371776     
   2.9000000000000002E-003   3146.6542201217380     
   3.0000000000000001E-003   3146.6491266643075     
   3.1000000000000003E-003   3146.6438596648863     
   3.2000000000000002E-003   3146.6384191234743     
   3.3000000000000004E-003   3146.6328050400712     
   3.4000000000000002E-003   3146.6270174146775     
   3.5000000000000001E-003   3146.6210562472929     
   3.6000000000000003E-003   3146.6149215379173     
   3.7000000000000002E-003   3146.6086132865512     
   3.8000000000000004E-003   3146.6021314931941     
   3.9000000000000003E-003   3146.5954761578464     
   4.0000000000000001E-003   3146.5886472805078     
   4.1000000000000003E-003   3146.5816448611781     
   4.2000000000000006E-003   3146.5744688998579     
   4.3000000000000000E-003   3146.5671193965468     
   4.4000000000000003E-003   3146.5595963512451     
   4.5000000000000005E-003   3146.5518997639524     
   4.6000000000000008E-003   3146.5440296346687     
   4.7000000000000002E-003   3146.5359859633941     
   4.8000000000000004E-003   3146.5277687501289     
   4.9000000000000007E-003   3146.5193779948731     
   5.0000000000000001E-003   3146.5108136976264     
   5.1000000000000004E-003   3146.5020758583887     
   5.2000000000000006E-003   3146.4931644771600     
   5.3000000000000000E-003   3146.4840795539408     
   5.4000000000000003E-003   3146.4748210887310     
   5.5000000000000005E-003   3146.4653890815298     
   5.6000000000000008E-003   3146.4557835323380     
   5.7000000000000002E-003   3146.4460044411558     
   5.8000000000000005E-003   3146.4360518079820     
   5.9000000000000007E-003   3146.4259256328182     
   6.0000000000000001E-003   3146.4156259156630     
   6.1000000000000004E-003   3146.4051526565172     
   6.2000000000000006E-003   3146.3945058553804     
   6.3000000000000009E-003   3146.3836855122531     
   6.4000000000000003E-003   3146.3726916271348     
   6.5000000000000006E-003   3146.3615242000260     
   6.6000000000000008E-003   3146.3501832309257     
   6.7000000000000002E-003   3146.3386687198354     
   6.8000000000000005E-003   3146.3269806667536     
   6.9000000000000008E-003   3146.3151190716812     
   7.0000000000000001E-003   3146.3030839346179     
   7.1000000000000004E-003   3146.2908752555641     
   7.2000000000000007E-003   3146.2784930345192     
   7.3000000000000009E-003   3146.2659372714838     
   7.4000000000000003E-003   3146.2532079664575     
   7.5000000000000006E-003   3146.2403051194401     
   7.6000000000000009E-003   3146.2272287304318     
   7.7000000000000002E-003   3146.2139787994329     
   7.8000000000000005E-003   3146.2005553264435     
   7.9000000000000008E-003   3146.1869583114631     
   8.0000000000000002E-003   3146.1731877544917     
   8.1000000000000013E-003   3146.1592436555293     
   8.2000000000000007E-003   3146.1451260145764     
   8.3000000000000001E-003   3146.1308348316325     
   8.4000000000000012E-003   3146.1163701066980     
   8.5000000000000006E-003   3146.1017318397726     
   8.6000000000000000E-003   3146.0869200308562     
   8.7000000000000011E-003   3146.0719346799492     
   8.8000000000000005E-003   3146.0567757870513     
   8.8999999999999999E-003   3146.0414433521628     
   9.0000000000000011E-003   3146.0259373752833     
   9.1000000000000004E-003   3146.0102578564129     
   9.2000000000000016E-003   3145.9944047955519     
   9.3000000000000010E-003   3145.9783781926999     
   9.4000000000000004E-003   3145.9621780478569     
   9.5000000000000015E-003   3145.9458043610234     
   9.6000000000000009E-003   3145.9292571321989     
   9.7000000000000003E-003   3145.9125363613839     
   9.8000000000000014E-003   3145.8956420485774     
   9.9000000000000008E-003   3145.8785741937809     
   1.0000000000000000E-002   3145.8613327969929     
   1.0100000000000001E-002   3145.8439178582144     
   1.0200000000000001E-002   3145.8263293774453     
   1.0300000000000000E-002   3145.8085673546852     
   1.0400000000000001E-002   3145.7906317899342     
   1.0500000000000001E-002   3145.7725226831926     
   1.0600000000000000E-002   3145.7542400344596     
   1.0700000000000001E-002   3145.7357838437365     
   1.0800000000000001E-002   3145.7171541110224     
   1.0900000000000002E-002   3145.6983508363173     
   1.1000000000000001E-002   3145.6793740196213     
   1.1100000000000000E-002   3145.6602236609347     
   1.1200000000000002E-002   3145.6408997602571     
   1.1300000000000001E-002   3145.6214023175889     
   1.1400000000000000E-002   3145.6017313329298     
   1.1500000000000002E-002   3145.5818868062797     
   1.1600000000000001E-002   3145.5618687376391     
   1.1700000000000000E-002   3145.5416771270075     
   1.1800000000000001E-002   3145.5213119743848     
   1.1900000000000001E-002   3145.5007732797717     
   1.2000000000000000E-002   3145.4800610431680     
   1.2100000000000001E-002   3145.4591752645729     
   1.2200000000000001E-002   3145.4381159439872     
   1.2300000000000000E-002   3145.4168830814110     
   1.2400000000000001E-002   3145.3954766768434     
   1.2500000000000001E-002   3145.3738967302852     
   1.2600000000000002E-002   3145.3521432417365     
   1.2700000000000001E-002   3145.3302162111968     
   1.2800000000000001E-002   3145.3081156386661     
   1.2900000000000002E-002   3145.2858415241449     
   1.3000000000000001E-002   3145.2633938676327     
   1.3100000000000001E-002   3145.2407726691295     
   1.3200000000000002E-002   3145.2179779286357     
   1.3300000000000001E-002   3145.1950096461510     
   1.3400000000000000E-002   3145.1718678216757     
   1.3500000000000002E-002   3145.1485524552095     
   1.3600000000000001E-002   3145.1250635467522     
   1.3700000000000000E-002   3145.1014010963045     
   1.3800000000000002E-002   3145.0775651038657     
   1.3900000000000001E-002   3145.0535555694360     
   1.4000000000000000E-002   3145.0293724930157     
   1.4100000000000001E-002   3145.0050158746044     
   1.4200000000000001E-002   3144.9804857142026     
   1.4300000000000002E-002   3144.9557820118098     
   1.4400000000000001E-002   3144.9309047674260     
   1.4500000000000001E-002   3144.9058539810517     
   1.4600000000000002E-002   3144.8806296526864     
   1.4700000000000001E-002   3144.8552317823301     
   1.4800000000000001E-002   3144.8296603699832     
   1.4900000000000002E-002   3144.8039154156454     
   1.5000000000000001E-002   3144.7779969193170     
   1.5100000000000001E-002   3144.7519048809977     
   1.5200000000000002E-002   3144.7256393006874     
   1.5300000000000001E-002   3144.6992001783865     
   1.5400000000000000E-002   3144.6725875140946     
   1.5500000000000002E-002   3144.6458013078122     
   1.5600000000000001E-002   3144.6188415595384     
   1.5700000000000002E-002   3144.5917082692745     
   1.5800000000000002E-002   3144.5644014370191     
   1.5900000000000001E-002   3144.5369210627732     
   1.6000000000000000E-002   3144.5092671465368     
   1.6100000000000000E-002   3144.4814396883094     
   1.6200000000000003E-002   3144.4534386880910     
   1.6300000000000002E-002   3144.4252641458816     
   1.6400000000000001E-002   3144.3969160616816     
   1.6500000000000001E-002   3144.3683944354907     
   1.6600000000000000E-002   3144.3396992673092     
   1.6700000000000003E-002   3144.3108305571368     
   1.6800000000000002E-002   3144.2817883049734     
   1.6900000000000002E-002   3144.2525725108194     
   1.7000000000000001E-002   3144.2231831746744     
   1.7100000000000001E-002   3144.1936202965389     
   1.7200000000000000E-002   3144.1638838764125     
   1.7300000000000003E-002   3144.1339739142950     
   1.7400000000000002E-002   3144.1038904101870     
   1.7500000000000002E-002   3144.0736333640880     
   1.7600000000000001E-002   3144.0432027759980     
   1.7700000000000000E-002   3144.0125986459175     
   1.7800000000000000E-002   3143.9818209738460     
   1.7900000000000003E-002   3143.9508697597839     
   1.8000000000000002E-002   3143.9197450037309     
   1.8100000000000002E-002   3143.8884467056869     
   1.8200000000000001E-002   3143.8569748656523     
   1.8300000000000000E-002   3143.8253294836268     
   1.8400000000000003E-002   3143.7935105596102     
   1.8500000000000003E-002   3143.7615180936032     
   1.8600000000000002E-002   3143.7293520856051     
   1.8700000000000001E-002   3143.6970125356165     
   1.8800000000000001E-002   3143.6644994436369     
   1.8900000000000000E-002   3143.6318128096664     
   1.9000000000000003E-002   3143.5989526337053     
   1.9100000000000002E-002   3143.5659189157532     
   1.9200000000000002E-002   3143.5327116558105     
   1.9300000000000001E-002   3143.4993308538769     
   1.9400000000000001E-002   3143.4657765099523     
   1.9500000000000000E-002   3143.4320486240367     
   1.9600000000000003E-002   3143.3981471961306     
   1.9700000000000002E-002   3143.3640722262339     
   1.9800000000000002E-002   3143.3298237143463     
   1.9900000000000001E-002   3143.2954016604676     
   2.0000000000000000E-002   3143.2608060645980     
   2.0100000000000003E-002   3143.2260369267378     
   2.0200000000000003E-002   3143.1910942468867     
   2.0300000000000002E-002   3143.1559780250450     
   2.0400000000000001E-002   3143.1206882612123     
   2.0500000000000001E-002   3143.0852249553886     
   2.0600000000000000E-002   3143.0495881075744     
   2.0700000000000003E-002   3143.0137777177692     
   2.0800000000000003E-002   3142.9777937859735     
   2.0900000000000002E-002   3142.9416363121868     
   2.1000000000000001E-002   3142.9053052964091     
   2.1100000000000001E-002   3142.8688007386409     
   2.1200000000000000E-002   3142.8321226388816     
   2.1300000000000003E-002   3142.7952709971314     
   2.1400000000000002E-002   3142.7582458133907     
   2.1500000000000002E-002   3142.7210470876589     
   2.1600000000000001E-002   3142.6836748199366     
   2.1700000000000001E-002   3142.6461290102234     
   2.1800000000000003E-002   3142.6084096585191     
   2.1900000000000003E-002   3142.5705167648243     
   2.2000000000000002E-002   3142.5324503291386     
   2.2100000000000002E-002   3142.4942103514618     
   2.2200000000000001E-002   3142.4557968317945     
   2.2300000000000000E-002   3142.4172097701362     
   2.2400000000000003E-002   3142.3784491664874     
   2.2500000000000003E-002   3142.3395150208476     
   2.2600000000000002E-002   3142.3004073332168     
   2.2700000000000001E-002   3142.2611261035954     
   2.2800000000000001E-002   3142.2216713319831     
   2.2900000000000000E-002   3142.1820430183802     
   2.3000000000000003E-002   3142.1422411627864     
   2.3100000000000002E-002   3142.1022657652015     
   2.3200000000000002E-002   3142.0621168256257     
   2.3300000000000001E-002   3142.0217943440593     
   2.3400000000000001E-002   3141.9812983205024     
   2.3500000000000004E-002   3141.9406287549541     
   2.3600000000000003E-002   3141.8997856474157     
   2.3700000000000002E-002   3141.8587689978858     
   2.3800000000000002E-002   3141.8175788063654     
   2.3900000000000001E-002   3141.7762150728540     
   2.4000000000000000E-002   3141.7346777973521     
   2.4100000000000003E-002   3141.6929669798592     
   2.4200000000000003E-002   3141.6510826203753     
   2.4300000000000002E-002   3141.6090247189009     
   2.4400000000000002E-002   3141.5667932754354     
   2.4500000000000001E-002   3141.5243882899795     
   2.4600000000000000E-002   3141.4818097625325     
   2.4700000000000003E-002   3141.4390576930946     
   2.4800000000000003E-002   3141.3961320816661     
   2.4900000000000002E-002   3141.3530329282466     
   2.5000000000000001E-002   3141.3097602328362     
   2.5100000000000001E-002   3141.2663139954352     
   2.5200000000000004E-002   3141.2226942160432     
   2.5300000000000003E-002   3141.1789008946607     
   2.5400000000000002E-002   3141.1349340312872     
   2.5500000000000002E-002   3141.0907936259227     
   2.5600000000000001E-002   3141.0464796785677     
   2.5700000000000001E-002   3141.0019921892217     
   2.5800000000000003E-002   3140.9573311578847     
   2.5900000000000003E-002   3140.9124965845572     
   2.6000000000000002E-002   3140.8674884692387     
   2.6100000000000002E-002   3140.8223068119296     
   2.6200000000000001E-002   3140.7769516126295     
   2.6300000000000000E-002   3140.7314228713385     
   2.6400000000000003E-002   3140.6857205880569     
   2.6500000000000003E-002   3140.6398447627844     
   2.6600000000000002E-002   3140.5937953955208     
   2.6700000000000002E-002   3140.5475724862667     
   2.6800000000000001E-002   3140.5011760350221     
   2.6900000000000004E-002   3140.4546060417861     
   2.7000000000000003E-002   3140.4078625065595     
   2.7100000000000003E-002   3140.3609454293423     
   2.7200000000000002E-002   3140.3138548101338     
   2.7300000000000001E-002   3140.2665906489347     
   2.7400000000000001E-002   3140.2191529457450     
   2.7500000000000004E-002   3140.1715417005644     
   2.7600000000000003E-002   3140.1237569133928     
   2.7700000000000002E-002   3140.0757985842306     
   2.7800000000000002E-002   3140.0276667130775     
   2.7900000000000001E-002   3139.9793612999333     
   2.8000000000000001E-002   3139.9308823447986     
   2.8100000000000003E-002   3139.8822298476730     
   2.8200000000000003E-002   3139.8334038085568     
   2.8300000000000002E-002   3139.7844042274496     
   2.8400000000000002E-002   3139.7352311043514     
   2.8500000000000001E-002   3139.6858844392623     
   2.8600000000000004E-002   3139.6363642321830     
   2.8700000000000003E-002   3139.5866704831124     
   2.8800000000000003E-002   3139.5368031920511     
   2.8900000000000002E-002   3139.4867623589989     
   2.9000000000000001E-002   3139.4365479839562     
   2.9100000000000001E-002   3139.3861600669220     
   2.9200000000000004E-002   3139.3355986078977     
   2.9300000000000003E-002   3139.2848636068820     
   2.9400000000000003E-002   3139.2339550638762     
   2.9500000000000002E-002   3139.1828729788790     
   2.9600000000000001E-002   3139.1316173518912     
   2.9700000000000001E-002   3139.0801881829125     
   2.9800000000000004E-002   3139.0285854719432     
   2.9900000000000003E-002   3138.9768092189829     
   3.0000000000000002E-002   3138.9248594240316     
   3.0100000000000002E-002   3138.8727360870898     
   3.0200000000000001E-002   3138.8204392081570     
   3.0300000000000004E-002   3138.7679687872333     
   3.0400000000000003E-002   3138.7153248243189     
   3.0500000000000003E-002   3138.6625073194136     
   3.0600000000000002E-002   3138.6095162725178     
   3.0700000000000002E-002   3138.5563516836310     
   3.0800000000000001E-002   3138.5030135527531     
   3.0900000000000004E-002   3138.4495018798848     
   3.1000000000000003E-002   3138.3958166650254     
   3.1100000000000003E-002   3138.3419579081756     
   3.1200000000000002E-002   3138.2879256093347     
   3.1300000000000001E-002   3138.2337197685029     
   3.1400000000000004E-002   3138.1793403856800     
   3.1500000000000000E-002   3138.1247874608666     
   3.1600000000000003E-002   3138.0700609940627     
   3.1700000000000006E-002   3138.0151609852678     
   3.1800000000000002E-002   3137.9600874344819     
   3.1900000000000005E-002   3137.9048403417050     
   3.2000000000000001E-002   3137.8494197069376     
   3.2100000000000004E-002   3137.7938255301797     
   3.2199999999999999E-002   3137.7380578114303     
   3.2300000000000002E-002   3137.6821165506904     
   3.2400000000000005E-002   3137.6260017479599     
   3.2500000000000001E-002   3137.5697134032380     
   3.2600000000000004E-002   3137.5132515165260     
   3.2700000000000000E-002   3137.4566160878226     
   3.2800000000000003E-002   3137.3998071171286     
   3.2900000000000006E-002   3137.3428246044436     
   3.3000000000000002E-002   3137.2856685497682     
   3.3100000000000004E-002   3137.2283389531017     
   3.3200000000000000E-002   3137.1708358144447     
   3.3300000000000003E-002   3137.1131591337962     
   3.3400000000000006E-002   3137.0553089111577     
   3.3500000000000002E-002   3136.9972851465277     
   3.3600000000000005E-002   3136.9390878399072     
   3.3700000000000001E-002   3136.8807169912961     
   3.3800000000000004E-002   3136.8221726006936     
   3.3900000000000000E-002   3136.7634546681006     
   3.4000000000000002E-002   3136.7045631935171     
   3.4100000000000005E-002   3136.6454981769425     
   3.4200000000000001E-002   3136.5862596183770     
   3.4300000000000004E-002   3136.5268475178209     
   3.4400000000000000E-002   3136.4672618752734     
   3.4500000000000003E-002   3136.4075026907358     
   3.4600000000000006E-002   3136.3475699642072     
   3.4700000000000002E-002   3136.2874636956876     
   3.4800000000000005E-002   3136.2271838851771     
   3.4900000000000000E-002   3136.1667305326760     
   3.5000000000000003E-002   3136.1061036381839     
   3.5100000000000006E-002   3136.0453032017012     
   3.5200000000000002E-002   3135.9843292232276     
   3.5300000000000005E-002   3135.9231817027630     
   3.5400000000000001E-002   3135.8618606403079     
   3.5500000000000004E-002   3135.8003660358618     
   3.5600000000000000E-002   3135.7386978894251     
   3.5700000000000003E-002   3135.6768562009975     
   3.5800000000000005E-002   3135.6148409705788     
   3.5900000000000001E-002   3135.5526521981697     
   3.6000000000000004E-002   3135.4902898837695     
   3.6100000000000000E-002   3135.4277540273783     
   3.6200000000000003E-002   3135.3650446289967     
   3.6300000000000006E-002   3135.3021616886240     
   3.6400000000000002E-002   3135.2391052062608     
   3.6500000000000005E-002   3135.1758751819066     
   3.6600000000000001E-002   3135.1124716155614     
   3.6700000000000003E-002   3135.0488945072257     
   3.6800000000000006E-002   3134.9851438568990     
   3.6900000000000002E-002   3134.9212196645813     
   3.7000000000000005E-002   3134.8571219302730     
   3.7100000000000001E-002   3134.7928506539738     
   3.7200000000000004E-002   3134.7284058356840     
   3.7300000000000000E-002   3134.6637874754033     
   3.7400000000000003E-002   3134.5989955731316     
   3.7500000000000006E-002   3134.5340301288693     
   3.7600000000000001E-002   3134.4688911426160     
   3.7700000000000004E-002   3134.4035786143718     
   3.7800000000000000E-002   3134.3380925441370     
   3.7900000000000003E-002   3134.2724329319112     
   3.8000000000000006E-002   3134.2065997776949     
   3.8100000000000002E-002   3134.1405930814876     
   3.8200000000000005E-002   3134.0744128432893     
   3.8300000000000001E-002   3134.0080590631005     
   3.8400000000000004E-002   3133.9415317409207     
   3.8500000000000006E-002   3133.8748308767504     
   3.8600000000000002E-002   3133.8079564705890     
   3.8700000000000005E-002   3133.7409085224367     
   3.8800000000000001E-002   3133.6736870322934     
   3.8900000000000004E-002   3133.6062920001600     
   3.9000000000000000E-002   3133.5387234260352     
   3.9100000000000003E-002   3133.4709813099198     
   3.9200000000000006E-002   3133.4030656518134     
   3.9300000000000002E-002   3133.3349764517161     
   3.9400000000000004E-002   3133.2667137096282     
   3.9500000000000000E-002   3133.1982774255498     
   3.9600000000000003E-002   3133.1296675994799     
   3.9700000000000006E-002   3133.0608842314195     
   3.9800000000000002E-002   3132.9919273213686     
   3.9900000000000005E-002   3132.9227968693262     
   4.0000000000000001E-002   3132.8534928752938     
