   9.9999997473787516E-005  0.50000000000000000     
   1.9999999494757503E-004  0.50000000000000000     
   2.9999999242136255E-004  0.50000000000000000     
   3.9999998989515007E-004  0.50000000000000000     
   4.9999998736893758E-004  0.50000000000000000     
   5.9999998484272510E-004  0.50000000000000000     
   6.9999998231651261E-004  0.50000000000000000     
   7.9999997979030013E-004  0.50000000000000000     
   8.9999997726408765E-004  0.50000000000000000     
   9.9999997473787516E-004  0.50000000000000000     
   1.0999999722116627E-003  0.50000000000000000     
   1.1999999696854502E-003  0.50000000000000000     
   1.2999999671592377E-003  0.50000000000000000     
   1.3999999646330252E-003  0.50000000000000000     
   1.4999999621068127E-003  0.50000000000000000     
   1.5999999595806003E-003  0.50000000000000000     
   1.6999999570543878E-003  0.50000000000000000     
   1.7999999545281753E-003  0.50000000000000000     
   1.8999999520019628E-003  0.50000000000000000     
   1.9999999494757503E-003  0.50000000000000000     
   2.0999999469495378E-003  0.50000000000000000     
   2.1999999444233254E-003  0.50000000000000000     
   2.2999999418971129E-003  0.50000000000000000     
   2.3999999393709004E-003  0.50000000000000000     
   2.4999999368446879E-003  0.50000000000000000     
   2.5999999343184754E-003  0.50000000000000000     
   2.6999999317922629E-003  0.50000000000000000     
   2.7999999292660505E-003  0.50000000000000000     
   2.8999999267398380E-003  0.50000000000000000     
   2.9999999242136255E-003  0.50000000000000000     
   3.0999999216874130E-003  0.50000000000000000     
   3.1999999191612005E-003  0.50000000000000000     
   3.2999999166349880E-003  0.50000000000000000     
   3.3999999141087756E-003  0.50000000000000000     
   3.4999999115825631E-003  0.50000000000000000     
   3.5999999090563506E-003  0.50000000000000000     
   3.6999999065301381E-003  0.50000000000000000     
   3.7999999040039256E-003  0.50000000000000000     
   3.8999999014777131E-003  0.50000000000000000     
   3.9999998989515007E-003  0.50000000000000000     
   4.0999998964252882E-003  0.50000000000000000     
   4.1999998938990757E-003  0.50000000000000000     
   4.2999998913728632E-003  0.50000000000000000     
   4.3999998888466507E-003  0.50000000000000000     
   4.4999998863204382E-003  0.50000000000000000     
   4.5999998837942258E-003  0.50000000000000000     
   4.6999998812680133E-003  0.50000000000000000     
   4.7999998787418008E-003  0.50000000000000000     
   4.8999998762155883E-003  0.50000000000000000     
   4.9999998736893758E-003  0.50000000000000000     
   5.0999998711631633E-003  0.50000000000000000     
   5.1999998686369509E-003  0.50000000000000000     
   5.2999998661107384E-003  0.50000000000000000     
   5.3999998635845259E-003  0.50000000000000000     
   5.4999998610583134E-003  0.50000000000000000     
   5.5999998585321009E-003  0.50000000000000000     
   5.6999998560058884E-003  0.50000000000000000     
   5.7999998534796759E-003  0.50000000000000000     
   5.8999998509534635E-003  0.50000000000000000     
   5.9999998484272510E-003  0.50000000000000000     
   6.0999998459010385E-003  0.50000000000000000     
   6.1999998433748260E-003  0.50000000000000000     
   6.2999998408486135E-003  0.50000000000000000     
   6.3999998383224010E-003  0.50000000000000000     
   6.4999998357961886E-003  0.50000000000000000     
   6.5999998332699761E-003  0.50000000000000000     
   6.6999998307437636E-003  0.50000000000000000     
   6.7999998282175511E-003  0.50000000000000000     
   6.8999998256913386E-003  0.50000000000000000     
   6.9999998231651261E-003  0.50000000000000000     
   7.0999998206389137E-003  0.50000000000000000     
   7.1999998181127012E-003  0.50000000000000000     
   7.2999998155864887E-003  0.50000000000000000     
   7.3999998130602762E-003  0.50000000000000000     
   7.4999998105340637E-003  0.50000000000000000     
   7.5999998080078512E-003  0.50000000000000000     
   7.6999998054816388E-003  0.50000000000000000     
   7.7999998029554263E-003  0.50000000000000000     
   7.8999998004292138E-003  0.50000000000000000     
   7.9999997979030013E-003  0.50000000000000000     
   8.0999997953767888E-003  0.50000000000000000     
   8.1999997928505763E-003  0.50000000000000000     
   8.2999997903243639E-003  0.50000000000000000     
   8.3999997877981514E-003  0.50000000000000000     
   8.4999997852719389E-003  0.50000000000000000     
   8.5999997827457264E-003  0.50000000000000000     
   8.6999997802195139E-003  0.50000000000000000     
   8.7999997776933014E-003  0.50000000000000000     
   8.8999997751670890E-003  0.50000000000000000     
   8.9999997726408765E-003  0.50000000000000000     
   9.0999997701146640E-003  0.50000000000000000     
   9.1999997675884515E-003  0.50000000000000000     
   9.2999997650622390E-003  0.50000000000000000     
   9.3999997625360265E-003  0.50000000000000000     
   9.4999997600098141E-003  0.50000000000000000     
   9.5999997574836016E-003  0.50000000000000000     
   9.6999997549573891E-003  0.50000000000000000     
   9.7999997524311766E-003  0.50000000000000000     
   9.8999997499049641E-003  0.50000000000000000     
   9.9999997473787516E-003  0.50000000000000000     
   1.0099999744852539E-002  0.50000000000000000     
   1.0199999742326327E-002  0.50000000000000000     
   1.0299999739800114E-002  0.50000000000000000     
   1.0399999737273902E-002  0.50000000000000000     
   1.0499999734747689E-002  0.50000000000000000     
   1.0599999732221477E-002  0.50000000000000000     
   1.0699999729695264E-002  0.50000000000000000     
   1.0799999727169052E-002  0.50000000000000000     
   1.0899999724642839E-002  0.50000000000000000     
   1.0999999722116627E-002  0.50000000000000000     
   1.1099999719590414E-002  0.50000000000000000     
   1.1199999717064202E-002  0.50000000000000000     
   1.1299999714537989E-002  0.50000000000000000     
   1.1399999712011777E-002  0.50000000000000000     
   1.1499999709485564E-002  0.50000000000000000     
   1.1599999706959352E-002  0.50000000000000000     
   1.1699999704433139E-002  0.50000000000000000     
   1.1799999701906927E-002  0.50000000000000000     
   1.1899999699380714E-002  0.50000000000000000     
   1.1999999696854502E-002  0.50000000000000000     
   1.2099999694328289E-002  0.50000000000000000     
   1.2199999691802077E-002  0.50000000000000000     
   1.2299999689275865E-002  0.50000000000000000     
   1.2399999686749652E-002  0.50000000000000000     
   1.2499999684223440E-002  0.50000000000000000     
   1.2599999681697227E-002  0.50000000000000000     
   1.2699999679171015E-002  0.50000000000000000     
   1.2799999676644802E-002  0.50000000000000000     
   1.2899999674118590E-002  0.50000000000000000     
   1.2999999671592377E-002  0.50000000000000000     
   1.3099999669066165E-002  0.50000000000000000     
   1.3199999666539952E-002  0.50000000000000000     
   1.3299999664013740E-002  0.50000000000000000     
   1.3399999661487527E-002  0.50000000000000000     
   1.3499999658961315E-002  0.50000000000000000     
   1.3599999656435102E-002  0.50000000000000000     
   1.3699999653908890E-002  0.50000000000000000     
   1.3799999651382677E-002  0.50000000000000000     
   1.3899999648856465E-002  0.50000000000000000     
   1.3999999646330252E-002  0.50000000000000000     
   1.4099999643804040E-002  0.50000000000000000     
   1.4199999641277827E-002  0.50000000000000000     
   1.4299999638751615E-002  0.50000000000000000     
   1.4399999636225402E-002  0.50000000000000000     
   1.4499999633699190E-002  0.50000000000000000     
   1.4599999631172977E-002  0.50000000000000000     
   1.4699999628646765E-002  0.50000000000000000     
   1.4799999626120552E-002  0.50000000000000000     
   1.4899999623594340E-002  0.50000000000000000     
   1.4999999621068127E-002  0.50000000000000000     
   1.5099999618541915E-002  0.50000000000000000     
   1.5199999616015702E-002  0.50000000000000000     
   1.5299999613489490E-002  0.50000000000000000     
   1.5399999610963278E-002  0.50000000000000000     
   1.5499999608437065E-002  0.50000000000000000     
   1.5599999605910853E-002  0.50000000000000000     
   1.5699999603384640E-002  0.50000000000000000     
   1.5799999600858428E-002  0.50000000000000000     
   1.5899999598332215E-002  0.50000000000000000     
   1.5999999595806003E-002  0.50000000000000000     
   1.6099999593279790E-002  0.50000000000000000     
   1.6199999590753578E-002  0.50000000000000000     
   1.6299999588227365E-002  0.50000000000000000     
   1.6399999585701153E-002  0.50000000000000000     
   1.6499999583174940E-002  0.50000000000000000     
   1.6599999580648728E-002  0.50000000000000000     
   1.6699999578122515E-002  0.50000000000000000     
   1.6799999575596303E-002  0.50000000000000000     
   1.6899999573070090E-002  0.50000000000000000     
   1.6999999570543878E-002  0.50000000000000000     
   1.7099999568017665E-002  0.50000000000000000     
   1.7199999565491453E-002  0.50000000000000000     
   1.7299999562965240E-002  0.50000000000000000     
   1.7399999560439028E-002  0.50000000000000000     
   1.7499999557912815E-002  0.50000000000000000     
   1.7599999555386603E-002  0.50000000000000000     
   1.7699999552860390E-002  0.50000000000000000     
   1.7799999550334178E-002  0.50000000000000000     
   1.7899999547807965E-002  0.50000000000000000     
   1.7999999545281753E-002  0.50000000000000000     
   1.8099999542755540E-002  0.50000000000000000     
   1.8199999540229328E-002  0.50000000000000000     
   1.8299999537703115E-002  0.50000000000000000     
   1.8399999535176903E-002  0.50000000000000000     
   1.8499999532650691E-002  0.50000000000000000     
   1.8599999530124478E-002  0.50000000000000000     
   1.8699999527598266E-002  0.50000000000000000     
   1.8799999525072053E-002  0.50000000000000000     
   1.8899999522545841E-002  0.50000000000000000     
   1.8999999520019628E-002  0.50000000000000000     
   1.9099999517493416E-002  0.50000000000000000     
   1.9199999514967203E-002  0.50000000000000000     
   1.9299999512440991E-002  0.50000000000000000     
   1.9399999509914778E-002  0.50000000000000000     
   1.9499999507388566E-002  0.50000000000000000     
   1.9599999504862353E-002  0.50000000000000000     
   1.9699999502336141E-002  0.50000000000000000     
   1.9799999499809928E-002  0.50000000000000000     
   1.9899999497283716E-002  0.50000000000000000     
   1.9999999494757503E-002  0.50000000000000000     
   2.0099999492231291E-002  0.50000000000000000     
   2.0199999489705078E-002  0.50000000000000000     
   2.0299999487178866E-002  0.50000000000000000     
   2.0399999484652653E-002  0.50000000000000000     
   2.0499999482126441E-002  0.50000000000000000     
   2.0599999479600228E-002  0.50000000000000000     
   2.0699999477074016E-002  0.50000000000000000     
   2.0799999474547803E-002  0.50000000000000000     
   2.0899999472021591E-002  0.50000000000000000     
   2.0999999469495378E-002  0.50000000000000000     
   2.1099999466969166E-002  0.50000000000000000     
   2.1199999464442953E-002  0.50000000000000000     
   2.1299999461916741E-002  0.50000000000000000     
   2.1399999459390529E-002  0.50000000000000000     
   2.1499999456864316E-002  0.50000000000000000     
   2.1599999454338104E-002  0.50000000000000000     
   2.1699999451811891E-002  0.50000000000000000     
   2.1799999449285679E-002  0.50000000000000000     
   2.1899999446759466E-002  0.50000000000000000     
   2.1999999444233254E-002  0.50000000000000000     
   2.2099999441707041E-002  0.50000000000000000     
   2.2199999439180829E-002  0.50000000000000000     
   2.2299999436654616E-002  0.50000000000000000     
   2.2399999434128404E-002  0.50000000000000000     
   2.2499999431602191E-002  0.50000000000000000     
   2.2599999429075979E-002  0.50000000000000000     
   2.2699999426549766E-002  0.50000000000000000     
   2.2799999424023554E-002  0.50000000000000000     
   2.2899999421497341E-002  0.50000000000000000     
   2.2999999418971129E-002  0.50000000000000000     
   2.3099999416444916E-002  0.50000000000000000     
   2.3199999413918704E-002  0.50000000000000000     
   2.3299999411392491E-002  0.50000000000000000     
   2.3399999408866279E-002  0.50000000000000000     
   2.3499999406340066E-002  0.50000000000000000     
   2.3599999403813854E-002  0.50000000000000000     
   2.3699999401287641E-002  0.50000000000000000     
   2.3799999398761429E-002  0.50000000000000000     
   2.3899999396235216E-002  0.50000000000000000     
   2.3999999393709004E-002  0.50000000000000000     
   2.4099999391182791E-002  0.50000000000000000     
   2.4199999388656579E-002  0.50000000000000000     
   2.4299999386130366E-002  0.50000000000000000     
   2.4399999383604154E-002  0.50000000000000000     
   2.4499999381077942E-002  0.50000000000000000     
   2.4599999378551729E-002  0.50000000000000000     
   2.4699999376025517E-002  0.50000000000000000     
   2.4799999373499304E-002  0.50000000000000000     
   2.4899999370973092E-002  0.50000000000000000     
   2.4999999368446879E-002  0.50000000000000000     
   2.5099999365920667E-002  0.50000000000000000     
   2.5199999363394454E-002  0.50000000000000000     
   2.5299999360868242E-002  0.50000000000000000     
   2.5399999358342029E-002  0.50000000000000000     
   2.5499999355815817E-002  0.50000000000000000     
   2.5599999353289604E-002  0.50000000000000000     
   2.5699999350763392E-002  0.50000000000000000     
   2.5799999348237179E-002  0.50000000000000000     
   2.5899999345710967E-002  0.50000000000000000     
   2.5999999343184754E-002  0.50000000000000000     
   2.6099999340658542E-002  0.50000000000000000     
   2.6199999338132329E-002  0.50000000000000000     
   2.6299999335606117E-002  0.50000000000000000     
   2.6399999333079904E-002  0.50000000000000000     
   2.6499999330553692E-002  0.50000000000000000     
   2.6599999328027479E-002  0.50000000000000000     
   2.6699999325501267E-002  0.50000000000000000     
   2.6799999322975054E-002  0.50000000000000000     
   2.6899999320448842E-002  0.50000000000000000     
   2.6999999317922629E-002  0.50000000000000000     
   2.7099999315396417E-002  0.50000000000000000     
   2.7199999312870204E-002  0.50000000000000000     
   2.7299999310343992E-002  0.50000000000000000     
   2.7399999307817779E-002  0.50000000000000000     
   2.7499999305291567E-002  0.50000000000000000     
   2.7599999302765355E-002  0.50000000000000000     
   2.7699999300239142E-002  0.50000000000000000     
   2.7799999297712930E-002  0.50000000000000000     
   2.7899999295186717E-002  0.50000000000000000     
   2.7999999292660505E-002  0.50000000000000000     
   2.8099999290134292E-002  0.50000000000000000     
   2.8199999287608080E-002  0.50000000000000000     
   2.8299999285081867E-002  0.50000000000000000     
   2.8399999282555655E-002  0.50000000000000000     
   2.8499999280029442E-002  0.50000000000000000     
   2.8599999277503230E-002  0.50000000000000000     
   2.8699999274977017E-002  0.50000000000000000     
   2.8799999272450805E-002  0.50000000000000000     
   2.8899999269924592E-002  0.50000000000000000     
   2.8999999267398380E-002  0.50000000000000000     
   2.9099999264872167E-002  0.50000000000000000     
   2.9199999262345955E-002  0.50000000000000000     
   2.9299999259819742E-002  0.50000000000000000     
   2.9399999257293530E-002  0.50000000000000000     
   2.9499999254767317E-002  0.50000000000000000     
   2.9599999252241105E-002  0.50000000000000000     
   2.9699999249714892E-002  0.50000000000000000     
   2.9799999247188680E-002  0.50000000000000000     
   2.9899999244662467E-002  0.50000000000000000     
   2.9999999242136255E-002  0.50000000000000000     
   3.0099999239610042E-002  0.50000000000000000     
   3.0199999237083830E-002  0.50000000000000000     
   3.0299999234557617E-002  0.50000000000000000     
   3.0399999232031405E-002  0.50000000000000000     
   3.0499999229505192E-002  0.50000000000000000     
   3.0599999226978980E-002  0.50000000000000000     
   3.0699999224452768E-002  0.50000000000000000     
   3.0799999221926555E-002  0.50000000000000000     
   3.0899999219400343E-002  0.50000000000000000     
   3.0999999216874130E-002  0.50000000000000000     
   3.1099999214347918E-002  0.50000000000000000     
   3.1199999211821705E-002  0.50000000000000000     
   3.1299999209295493E-002  0.50000000000000000     
   3.1399999206769280E-002  0.50000000000000000     
   3.1499999204243068E-002  0.50000000000000000     
   3.1599999201716855E-002  0.50000000000000000     
   3.1699999199190643E-002  0.50000000000000000     
   3.1799999196664430E-002  0.50000000000000000     
   3.1899999194138218E-002  0.50000000000000000     
   3.1999999191612005E-002  0.50000000000000000     
   3.2099999189085793E-002  0.50000000000000000     
   3.2199999186559580E-002  0.50000000000000000     
   3.2299999184033368E-002  0.50000000000000000     
   3.2399999181507155E-002  0.50000000000000000     
   3.2499999178980943E-002  0.50000000000000000     
   3.2599999176454730E-002  0.50000000000000000     
   3.2699999173928518E-002  0.50000000000000000     
   3.2799999171402305E-002  0.50000000000000000     
   3.2899999168876093E-002  0.50000000000000000     
   3.2999999166349880E-002  0.50000000000000000     
   3.3099999163823668E-002  0.50000000000000000     
   3.3199999161297455E-002  0.50000000000000000     
   3.3299999158771243E-002  0.50000000000000000     
   3.3399999156245030E-002  0.50000000000000000     
   3.3499999153718818E-002  0.50000000000000000     
   3.3599999151192605E-002  0.50000000000000000     
   3.3699999148666393E-002  0.50000000000000000     
   3.3799999146140181E-002  0.50000000000000000     
   3.3899999143613968E-002  0.50000000000000000     
   3.3999999141087756E-002  0.50000000000000000     
   3.4099999138561543E-002  0.50000000000000000     
   3.4199999136035331E-002  0.50000000000000000     
   3.4299999133509118E-002  0.50000000000000000     
   3.4399999130982906E-002  0.50000000000000000     
   3.4499999128456693E-002  0.50000000000000000     
   3.4599999125930481E-002  0.50000000000000000     
   3.4699999123404268E-002  0.50000000000000000     
   3.4799999120878056E-002  0.50000000000000000     
   3.4899999118351843E-002  0.50000000000000000     
   3.4999999115825631E-002  0.50000000000000000     
   3.5099999113299418E-002  0.50000000000000000     
   3.5199999110773206E-002  0.50000000000000000     
   3.5299999108246993E-002  0.50000000000000000     
   3.5399999105720781E-002  0.50000000000000000     
   3.5499999103194568E-002  0.50000000000000000     
   3.5599999100668356E-002  0.50000000000000000     
   3.5699999098142143E-002  0.50000000000000000     
   3.5799999095615931E-002  0.50000000000000000     
   3.5899999093089718E-002  0.50000000000000000     
   3.5999999090563506E-002  0.50000000000000000     
   3.6099999088037293E-002  0.50000000000000000     
   3.6199999085511081E-002  0.50000000000000000     
   3.6299999082984868E-002  0.50000000000000000     
   3.6399999080458656E-002  0.50000000000000000     
   3.6499999077932443E-002  0.50000000000000000     
   3.6599999075406231E-002  0.50000000000000000     
   3.6699999072880019E-002  0.50000000000000000     
   3.6799999070353806E-002  0.50000000000000000     
   3.6899999067827594E-002  0.50000000000000000     
   3.6999999065301381E-002  0.50000000000000000     
   3.7099999062775169E-002  0.50000000000000000     
   3.7199999060248956E-002  0.50000000000000000     
   3.7299999057722744E-002  0.50000000000000000     
   3.7399999055196531E-002  0.50000000000000000     
   3.7499999052670319E-002  0.50000000000000000     
   3.7599999050144106E-002  0.50000000000000000     
   3.7699999047617894E-002  0.50000000000000000     
   3.7799999045091681E-002  0.50000000000000000     
   3.7899999042565469E-002  0.50000000000000000     
   3.7999999040039256E-002  0.50000000000000000     
   3.8099999037513044E-002  0.50000000000000000     
   3.8199999034986831E-002  0.50000000000000000     
   3.8299999032460619E-002  0.50000000000000000     
   3.8399999029934406E-002  0.50000000000000000     
   3.8499999027408194E-002  0.50000000000000000     
   3.8599999024881981E-002  0.50000000000000000     
   3.8699999022355769E-002  0.50000000000000000     
   3.8799999019829556E-002  0.50000000000000000     
   3.8899999017303344E-002  0.50000000000000000     
   3.8999999014777131E-002  0.50000000000000000     
   3.9099999012250919E-002  0.50000000000000000     
   3.9199999009724706E-002  0.50000000000000000     
   3.9299999007198494E-002  0.50000000000000000     
   3.9399999004672281E-002  0.50000000000000000     
   3.9499999002146069E-002  0.50000000000000000     
   3.9599998999619856E-002  0.50000000000000000     
   3.9699998997093644E-002  0.50000000000000000     
   3.9799998994567432E-002  0.50000000000000000     
   3.9899998992041219E-002  0.50000000000000000     
   3.9999998989515007E-002  0.50000000000000000     
   4.0099998986988794E-002  0.50000000000000000     
   4.0199998984462582E-002  0.50000000000000000     
   4.0299998981936369E-002  0.50000000000000000     
   4.0399998979410157E-002  0.50000000000000000     
   4.0499998976883944E-002  0.50000000000000000     
   4.0599998974357732E-002  0.50000000000000000     
   4.0699998971831519E-002  0.50000000000000000     
   4.0799998969305307E-002  0.50000000000000000     
   4.0899998966779094E-002  0.50000000000000000     
   4.0999998964252882E-002  0.50000000000000000     
   4.1099998961726669E-002  0.50000000000000000     
   4.1199998959200457E-002  0.50000000000000000     
   4.1299998956674244E-002  0.50000000000000000     
   4.1399998954148032E-002  0.50000000000000000     
   4.1499998951621819E-002  0.50000000000000000     
   4.1599998949095607E-002  0.50000000000000000     
   4.1699998946569394E-002  0.50000000000000000     
   4.1799998944043182E-002  0.50000000000000000     
   4.1899998941516969E-002  0.50000000000000000     
   4.1999998938990757E-002  0.50000000000000000     
   4.2099998936464544E-002  0.50000000000000000     
   4.2199998933938332E-002  0.50000000000000000     
   4.2299998931412119E-002  0.50000000000000000     
   4.2399998928885907E-002  0.50000000000000000     
   4.2499998926359694E-002  0.50000000000000000     
   4.2599998923833482E-002  0.50000000000000000     
   4.2699998921307269E-002  0.50000000000000000     
   4.2799998918781057E-002  0.50000000000000000     
   4.2899998916254845E-002  0.50000000000000000     
   4.2999998913728632E-002  0.50000000000000000     
   4.3099998911202420E-002  0.50000000000000000     
   4.3199998908676207E-002  0.50000000000000000     
   4.3299998906149995E-002  0.50000000000000000     
   4.3399998903623782E-002  0.50000000000000000     
   4.3499998901097570E-002  0.50000000000000000     
   4.3599998898571357E-002  0.50000000000000000     
   4.3699998896045145E-002  0.50000000000000000     
   4.3799998893518932E-002  0.50000000000000000     
   4.3899998890992720E-002  0.50000000000000000     
   4.3999998888466507E-002  0.50000000000000000     
   4.4099998885940295E-002  0.50000000000000000     
   4.4199998883414082E-002  0.50000000000000000     
   4.4299998880887870E-002  0.50000000000000000     
   4.4399998878361657E-002  0.50000000000000000     
   4.4499998875835445E-002  0.50000000000000000     
   4.4599998873309232E-002  0.50000000000000000     
   4.4699998870783020E-002  0.50000000000000000     
   4.4799998868256807E-002  0.50000000000000000     
   4.4899998865730595E-002  0.50000000000000000     
   4.4999998863204382E-002  0.50000000000000000     
   4.5099998860678170E-002  0.50000000000000000     
   4.5199998858151957E-002  0.50000000000000000     
   4.5299998855625745E-002  0.50000000000000000     
   4.5399998853099532E-002  0.50000000000000000     
   4.5499998850573320E-002  0.50000000000000000     
   4.5599998848047107E-002  0.50000000000000000     
   4.5699998845520895E-002  0.50000000000000000     
   4.5799998842994682E-002  0.50000000000000000     
   4.5899998840468470E-002  0.50000000000000000     
   4.5999998837942258E-002  0.50000000000000000     
   4.6099998835416045E-002  0.50000000000000000     
   4.6199998832889833E-002  0.50000000000000000     
   4.6299998830363620E-002  0.50000000000000000     
   4.6399998827837408E-002  0.50000000000000000     
   4.6499998825311195E-002  0.50000000000000000     
   4.6599998822784983E-002  0.50000000000000000     
   4.6699998820258770E-002  0.50000000000000000     
   4.6799998817732558E-002  0.50000000000000000     
   4.6899998815206345E-002  0.50000000000000000     
   4.6999998812680133E-002  0.50000000000000000     
   4.7099998810153920E-002  0.50000000000000000     
   4.7199998807627708E-002  0.50000000000000000     
   4.7299998805101495E-002  0.50000000000000000     
   4.7399998802575283E-002  0.50000000000000000     
   4.7499998800049070E-002  0.50000000000000000     
   4.7599998797522858E-002  0.50000000000000000     
   4.7699998794996645E-002  0.50000000000000000     
   4.7799998792470433E-002  0.50000000000000000     
   4.7899998789944220E-002  0.50000000000000000     
   4.7999998787418008E-002  0.50000000000000000     
   4.8099998784891795E-002  0.50000000000000000     
   4.8199998782365583E-002  0.50000000000000000     
   4.8299998779839370E-002  0.50000000000000000     
   4.8399998777313158E-002  0.50000000000000000     
   4.8499998774786945E-002  0.50000000000000000     
   4.8599998772260733E-002  0.50000000000000000     
   4.8699998769734520E-002  0.50000000000000000     
   4.8799998767208308E-002  0.50000000000000000     
   4.8899998764682095E-002  0.50000000000000000     
   4.8999998762155883E-002  0.50000000000000000     
   4.9099998759629671E-002  0.50000000000000000     
   4.9199998757103458E-002  0.50000000000000000     
   4.9299998754577246E-002  0.50000000000000000     
   4.9399998752051033E-002  0.50000000000000000     
   4.9499998749524821E-002  0.50000000000000000     
   4.9599998746998608E-002  0.50000000000000000     
   4.9699998744472396E-002  0.50000000000000000     
   4.9799998741946183E-002  0.50000000000000000     
   4.9899998739419971E-002  0.50000000000000000     
   4.9999998736893758E-002  0.50000000000000000     
   5.0099998734367546E-002  0.50000000000000000     
   5.0199998731841333E-002  0.50000000000000000     
   5.0299998729315121E-002  0.50000000000000000     
   5.0399998726788908E-002  0.50000000000000000     
   5.0499998724262696E-002  0.50000000000000000     
   5.0599998721736483E-002  0.50000000000000000     
   5.0699998719210271E-002  0.50000000000000000     
   5.0799998716684058E-002  0.50000000000000000     
   5.0899998714157846E-002  0.50000000000000000     
   5.0999998711631633E-002  0.50000000000000000     
   5.1099998709105421E-002  0.50000000000000000     
   5.1199998706579208E-002  0.50000000000000000     
   5.1299998704052996E-002  0.50000000000000000     
   5.1399998701526783E-002  0.50000000000000000     
   5.1499998699000571E-002  0.50000000000000000     
   5.1599998696474358E-002  0.50000000000000000     
   5.1699998693948146E-002  0.50000000000000000     
   5.1799998691421933E-002  0.50000000000000000     
   5.1899998688895721E-002  0.50000000000000000     
   5.1999998686369509E-002  0.50000000000000000     
   5.2099998683843296E-002  0.50000000000000000     
   5.2199998681317084E-002  0.50000000000000000     
   5.2299998678790871E-002  0.50000000000000000     
   5.2399998676264659E-002  0.50000000000000000     
   5.2499998673738446E-002  0.50000000000000000     
   5.2599998671212234E-002  0.50000000000000000     
   5.2699998668686021E-002  0.50000000000000000     
   5.2799998666159809E-002  0.50000000000000000     
   5.2899998663633596E-002  0.50000000000000000     
   5.2999998661107384E-002  0.50000000000000000     
   5.3099998658581171E-002  0.50000000000000000     
   5.3199998656054959E-002  0.50000000000000000     
   5.3299998653528746E-002  0.50000000000000000     
   5.3399998651002534E-002  0.50000000000000000     
   5.3499998648476321E-002  0.50000000000000000     
   5.3599998645950109E-002  0.50000000000000000     
   5.3699998643423896E-002  0.50000000000000000     
   5.3799998640897684E-002  0.50000000000000000     
   5.3899998638371471E-002  0.50000000000000000     
   5.3999998635845259E-002  0.50000000000000000     
   5.4099998633319046E-002  0.50000000000000000     
   5.4199998630792834E-002  0.50000000000000000     
   5.4299998628266621E-002  0.50000000000000000     
   5.4399998625740409E-002  0.50000000000000000     
   5.4499998623214196E-002  0.50000000000000000     
   5.4599998620687984E-002  0.50000000000000000     
   5.4699998618161771E-002  0.50000000000000000     
   5.4799998615635559E-002  0.50000000000000000     
   5.4899998613109346E-002  0.50000000000000000     
   5.4999998610583134E-002  0.50000000000000000     
   5.5099998608056922E-002  0.50000000000000000     
   5.5199998605530709E-002  0.50000000000000000     
   5.5299998603004497E-002  0.50000000000000000     
   5.5399998600478284E-002  0.50000000000000000     
   5.5499998597952072E-002  0.50000000000000000     
   5.5599998595425859E-002  0.50000000000000000     
   5.5699998592899647E-002  0.50000000000000000     
   5.5799998590373434E-002  0.50000000000000000     
   5.5899998587847222E-002  0.50000000000000000     
   5.5999998585321009E-002  0.50000000000000000     
   5.6099998582794797E-002  0.50000000000000000     
   5.6199998580268584E-002  0.50000000000000000     
   5.6299998577742372E-002  0.50000000000000000     
   5.6399998575216159E-002  0.50000000000000000     
   5.6499998572689947E-002  0.50000000000000000     
   5.6599998570163734E-002  0.50000000000000000     
   5.6699998567637522E-002  0.50000000000000000     
   5.6799998565111309E-002  0.50000000000000000     
   5.6899998562585097E-002  0.50000000000000000     
   5.6999998560058884E-002  0.50000000000000000     
   5.7099998557532672E-002  0.50000000000000000     
   5.7199998555006459E-002  0.50000000000000000     
   5.7299998552480247E-002  0.50000000000000000     
   5.7399998549954034E-002  0.50000000000000000     
   5.7499998547427822E-002  0.50000000000000000     
   5.7599998544901609E-002  0.50000000000000000     
   5.7699998542375397E-002  0.50000000000000000     
   5.7799998539849184E-002  0.50000000000000000     
   5.7899998537322972E-002  0.50000000000000000     
   5.7999998534796759E-002  0.50000000000000000     
   5.8099998532270547E-002  0.50000000000000000     
   5.8199998529744335E-002  0.50000000000000000     
   5.8299998527218122E-002  0.50000000000000000     
   5.8399998524691910E-002  0.50000000000000000     
   5.8499998522165697E-002  0.50000000000000000     
   5.8599998519639485E-002  0.50000000000000000     
   5.8699998517113272E-002  0.50000000000000000     
   5.8799998514587060E-002  0.50000000000000000     
   5.8899998512060847E-002  0.50000000000000000     
   5.8999998509534635E-002  0.50000000000000000     
   5.9099998507008422E-002  0.50000000000000000     
   5.9199998504482210E-002  0.50000000000000000     
   5.9299998501955997E-002  0.50000000000000000     
   5.9399998499429785E-002  0.50000000000000000     
   5.9499998496903572E-002  0.50000000000000000     
   5.9599998494377360E-002  0.50000000000000000     
   5.9699998491851147E-002  0.50000000000000000     
   5.9799998489324935E-002  0.50000000000000000     
   5.9899998486798722E-002  0.50000000000000000     
   5.9999998484272510E-002  0.50000000000000000     
   6.0099998481746297E-002  0.50000000000000000     
   6.0199998479220085E-002  0.50000000000000000     
   6.0299998476693872E-002  0.50000000000000000     
   6.0399998474167660E-002  0.50000000000000000     
   6.0499998471641447E-002  0.50000000000000000     
   6.0599998469115235E-002  0.50000000000000000     
   6.0699998466589022E-002  0.50000000000000000     
   6.0799998464062810E-002  0.50000000000000000     
   6.0899998461536597E-002  0.50000000000000000     
   6.0999998459010385E-002  0.50000000000000000     
   6.1099998456484172E-002  0.50000000000000000     
   6.1199998453957960E-002  0.50000000000000000     
   6.1299998451431748E-002  0.50000000000000000     
   6.1399998448905535E-002  0.50000000000000000     
   6.1499998446379323E-002  0.50000000000000000     
   6.1599998443853110E-002  0.50000000000000000     
   6.1699998441326898E-002  0.50000000000000000     
   6.1799998438800685E-002  0.50000000000000000     
   6.1899998436274473E-002  0.50000000000000000     
   6.1999998433748260E-002  0.50000000000000000     
   6.2099998431222048E-002  0.50000000000000000     
   6.2199998428695835E-002  0.50000000000000000     
   6.2299998426169623E-002  0.50000000000000000     
   6.2399998423643410E-002  0.50000000000000000     
   6.2499998421117198E-002  0.50000000000000000     
   6.2599998418590985E-002  0.50000000000000000     
   6.2699998416064773E-002  0.50000000000000000     
   6.2799998413538560E-002  0.50000000000000000     
   6.2899998411012348E-002  0.50000000000000000     
   6.2999998408486135E-002  0.50000000000000000     
   6.3099998405959923E-002  0.50000000000000000     
   6.3199998403433710E-002  0.50000000000000000     
   6.3299998400907498E-002  0.50000000000000000     
   6.3399998398381285E-002  0.50000000000000000     
   6.3499998395855073E-002  0.50000000000000000     
   6.3599998393328860E-002  0.50000000000000000     
   6.3699998390802648E-002  0.50000000000000000     
   6.3799998388276435E-002  0.50000000000000000     
   6.3899998385750223E-002  0.50000000000000000     
   6.3999998383224010E-002  0.50000000000000000     
   6.4099998380697798E-002  0.50000000000000000     
   6.4199998378171586E-002  0.50000000000000000     
   6.4299998375645373E-002  0.50000000000000000     
   6.4399998373119161E-002  0.50000000000000000     
   6.4499998370592948E-002  0.50000000000000000     
   6.4599998368066736E-002  0.50000000000000000     
   6.4699998365540523E-002  0.50000000000000000     
   6.4799998363014311E-002  0.50000000000000000     
   6.4899998360488098E-002  0.50000000000000000     
   6.4999998357961886E-002  0.50000000000000000     
   6.5099998355435673E-002  0.50000000000000000     
   6.5199998352909461E-002  0.50000000000000000     
   6.5299998350383248E-002  0.50000000000000000     
   6.5399998347857036E-002  0.50000000000000000     
   6.5499998345330823E-002  0.50000000000000000     
   6.5599998342804611E-002  0.50000000000000000     
   6.5699998340278398E-002  0.50000000000000000     
   6.5799998337752186E-002  0.50000000000000000     
   6.5899998335225973E-002  0.50000000000000000     
   6.5999998332699761E-002  0.50000000000000000     
   6.6099998330173548E-002  0.50000000000000000     
   6.6199998327647336E-002  0.50000000000000000     
   6.6299998325121123E-002  0.50000000000000000     
   6.6399998322594911E-002  0.50000000000000000     
   6.6499998320068698E-002  0.50000000000000000     
   6.6599998317542486E-002  0.50000000000000000     
   6.6699998315016273E-002  0.50000000000000000     
   6.6799998312490061E-002  0.50000000000000000     
   6.6899998309963848E-002  0.50000000000000000     
   6.6999998307437636E-002  0.50000000000000000     
   6.7099998304911423E-002  0.50000000000000000     
   6.7199998302385211E-002  0.50000000000000000     
   6.7299998299858999E-002  0.50000000000000000     
   6.7399998297332786E-002  0.50000000000000000     
   6.7499998294806574E-002  0.50000000000000000     
   6.7599998292280361E-002  0.50000000000000000     
   6.7699998289754149E-002  0.50000000000000000     
   6.7799998287227936E-002  0.50000000000000000     
   6.7899998284701724E-002  0.50000000000000000     
   6.7999998282175511E-002  0.50000000000000000     
   6.8099998279649299E-002  0.50000000000000000     
   6.8199998277123086E-002  0.50000000000000000     
   6.8299998274596874E-002  0.50000000000000000     
   6.8399998272070661E-002  0.50000000000000000     
   6.8499998269544449E-002  0.50000000000000000     
   6.8599998267018236E-002  0.50000000000000000     
   6.8699998264492024E-002  0.50000000000000000     
   6.8799998261965811E-002  0.50000000000000000     
   6.8899998259439599E-002  0.50000000000000000     
   6.8999998256913386E-002  0.50000000000000000     
   6.9099998254387174E-002  0.50000000000000000     
   6.9199998251860961E-002  0.50000000000000000     
   6.9299998249334749E-002  0.50000000000000000     
   6.9399998246808536E-002  0.50000000000000000     
   6.9499998244282324E-002  0.50000000000000000     
   6.9599998241756111E-002  0.50000000000000000     
   6.9699998239229899E-002  0.50000000000000000     
   6.9799998236703686E-002  0.50000000000000000     
   6.9899998234177474E-002  0.50000000000000000     
   6.9999998231651261E-002  0.50000000000000000     
   7.0099998229125049E-002  0.50000000000000000     
   7.0199998226598836E-002  0.50000000000000000     
   7.0299998224072624E-002  0.50000000000000000     
   7.0399998221546412E-002  0.50000000000000000     
   7.0499998219020199E-002  0.50000000000000000     
   7.0599998216493987E-002  0.50000000000000000     
   7.0699998213967774E-002  0.50000000000000000     
   7.0799998211441562E-002  0.50000000000000000     
   7.0899998208915349E-002  0.50000000000000000     
   7.0999998206389137E-002  0.50000000000000000     
   7.1099998203862924E-002  0.50000000000000000     
   7.1199998201336712E-002  0.50000000000000000     
   7.1299998198810499E-002  0.50000000000000000     
   7.1399998196284287E-002  0.50000000000000000     
   7.1499998193758074E-002  0.50000000000000000     
   7.1599998191231862E-002  0.50000000000000000     
   7.1699998188705649E-002  0.50000000000000000     
   7.1799998186179437E-002  0.50000000000000000     
   7.1899998183653224E-002  0.50000000000000000     
   7.1999998181127012E-002  0.50000000000000000     
   7.2099998178600799E-002  0.50000000000000000     
   7.2199998176074587E-002  0.50000000000000000     
   7.2299998173548374E-002  0.50000000000000000     
   7.2399998171022162E-002  0.50000000000000000     
   7.2499998168495949E-002  0.50000000000000000     
   7.2599998165969737E-002  0.50000000000000000     
   7.2699998163443524E-002  0.50000000000000000     
   7.2799998160917312E-002  0.50000000000000000     
   7.2899998158391099E-002  0.50000000000000000     
   7.2999998155864887E-002  0.50000000000000000     
   7.3099998153338674E-002  0.50000000000000000     
   7.3199998150812462E-002  0.50000000000000000     
   7.3299998148286249E-002  0.50000000000000000     
   7.3399998145760037E-002  0.50000000000000000     
   7.3499998143233825E-002  0.50000000000000000     
   7.3599998140707612E-002  0.50000000000000000     
   7.3699998138181400E-002  0.50000000000000000     
   7.3799998135655187E-002  0.50000000000000000     
   7.3899998133128975E-002  0.50000000000000000     
   7.3999998130602762E-002  0.50000000000000000     
   7.4099998128076550E-002  0.50000000000000000     
   7.4199998125550337E-002  0.50000000000000000     
   7.4299998123024125E-002  0.50000000000000000     
   7.4399998120497912E-002  0.50000000000000000     
   7.4499998117971700E-002  0.50000000000000000     
   7.4599998115445487E-002  0.50000000000000000     
   7.4699998112919275E-002  0.50000000000000000     
   7.4799998110393062E-002  0.50000000000000000     
   7.4899998107866850E-002  0.50000000000000000     
   7.4999998105340637E-002  0.50000000000000000     
   7.5099998102814425E-002  0.50000000000000000     
   7.5199998100288212E-002  0.50000000000000000     
   7.5299998097762000E-002  0.50000000000000000     
   7.5399998095235787E-002  0.50000000000000000     
   7.5499998092709575E-002  0.50000000000000000     
   7.5599998090183362E-002  0.50000000000000000     
   7.5699998087657150E-002  0.50000000000000000     
   7.5799998085130937E-002  0.50000000000000000     
   7.5899998082604725E-002  0.50000000000000000     
   7.5999998080078512E-002  0.50000000000000000     
   7.6099998077552300E-002  0.50000000000000000     
   7.6199998075026087E-002  0.50000000000000000     
   7.6299998072499875E-002  0.50000000000000000     
   7.6399998069973662E-002  0.50000000000000000     
   7.6499998067447450E-002  0.50000000000000000     
   7.6599998064921238E-002  0.50000000000000000     
   7.6699998062395025E-002  0.50000000000000000     
   7.6799998059868813E-002  0.50000000000000000     
   7.6899998057342600E-002  0.50000000000000000     
   7.6999998054816388E-002  0.50000000000000000     
   7.7099998052290175E-002  0.50000000000000000     
   7.7199998049763963E-002  0.50000000000000000     
   7.7299998047237750E-002  0.50000000000000000     
   7.7399998044711538E-002  0.50000000000000000     
   7.7499998042185325E-002  0.50000000000000000     
   7.7599998039659113E-002  0.50000000000000000     
   7.7699998037132900E-002  0.50000000000000000     
   7.7799998034606688E-002  0.50000000000000000     
   7.7899998032080475E-002  0.50000000000000000     
   7.7999998029554263E-002  0.50000000000000000     
   7.8099998027028050E-002  0.50000000000000000     
   7.8199998024501838E-002  0.50000000000000000     
   7.8299998021975625E-002  0.50000000000000000     
   7.8399998019449413E-002  0.50000000000000000     
   7.8499998016923200E-002  0.50000000000000000     
   7.8599998014396988E-002  0.50000000000000000     
   7.8699998011870775E-002  0.50000000000000000     
   7.8799998009344563E-002  0.50000000000000000     
   7.8899998006818350E-002  0.50000000000000000     
   7.8999998004292138E-002  0.50000000000000000     
   7.9099998001765925E-002  0.50000000000000000     
   7.9199997999239713E-002  0.50000000000000000     
   7.9299997996713500E-002  0.50000000000000000     
   7.9399997994187288E-002  0.50000000000000000     
   7.9499997991661076E-002  0.50000000000000000     
   7.9599997989134863E-002  0.50000000000000000     
   7.9699997986608651E-002  0.50000000000000000     
   7.9799997984082438E-002  0.50000000000000000     
   7.9899997981556226E-002  0.50000000000000000     
   7.9999997979030013E-002  0.50000000000000000     
   8.0099997976503801E-002  0.50000000000000000     
   8.0199997973977588E-002  0.50000000000000000     
   8.0299997971451376E-002  0.50000000000000000     
   8.0399997968925163E-002  0.50000000000000000     
   8.0499997966398951E-002  0.50000000000000000     
   8.0599997963872738E-002  0.50000000000000000     
   8.0699997961346526E-002  0.50000000000000000     
   8.0799997958820313E-002  0.50000000000000000     
   8.0899997956294101E-002  0.50000000000000000     
   8.0999997953767888E-002  0.50000000000000000     
   8.1099997951241676E-002  0.50000000000000000     
   8.1199997948715463E-002  0.50000000000000000     
   8.1299997946189251E-002  0.50000000000000000     
   8.1399997943663038E-002  0.50000000000000000     
   8.1499997941136826E-002  0.50000000000000000     
   8.1599997938610613E-002  0.50000000000000000     
   8.1699997936084401E-002  0.50000000000000000     
   8.1799997933558188E-002  0.50000000000000000     
   8.1899997931031976E-002  0.50000000000000000     
   8.1999997928505763E-002  0.50000000000000000     
   8.2099997925979551E-002  0.50000000000000000     
   8.2199997923453338E-002  0.50000000000000000     
   8.2299997920927126E-002  0.50000000000000000     
   8.2399997918400913E-002  0.50000000000000000     
   8.2499997915874701E-002  0.50000000000000000     
   8.2599997913348489E-002  0.50000000000000000     
   8.2699997910822276E-002  0.50000000000000000     
   8.2799997908296064E-002  0.50000000000000000     
   8.2899997905769851E-002  0.50000000000000000     
   8.2999997903243639E-002  0.50000000000000000     
   8.3099997900717426E-002  0.50000000000000000     
   8.3199997898191214E-002  0.50000000000000000     
   8.3299997895665001E-002  0.50000000000000000     
   8.3399997893138789E-002  0.50000000000000000     
   8.3499997890612576E-002  0.50000000000000000     
   8.3599997888086364E-002  0.50000000000000000     
   8.3699997885560151E-002  0.50000000000000000     
   8.3799997883033939E-002  0.50000000000000000     
   8.3899997880507726E-002  0.50000000000000000     
   8.3999997877981514E-002  0.50000000000000000     
   8.4099997875455301E-002  0.50000000000000000     
   8.4199997872929089E-002  0.50000000000000000     
   8.4299997870402876E-002  0.50000000000000000     
   8.4399997867876664E-002  0.50000000000000000     
   8.4499997865350451E-002  0.50000000000000000     
   8.4599997862824239E-002  0.50000000000000000     
   8.4699997860298026E-002  0.50000000000000000     
   8.4799997857771814E-002  0.50000000000000000     
   8.4899997855245601E-002  0.50000000000000000     
   8.4999997852719389E-002  0.50000000000000000     
   8.5099997850193176E-002  0.50000000000000000     
   8.5199997847666964E-002  0.50000000000000000     
   8.5299997845140751E-002  0.50000000000000000     
   8.5399997842614539E-002  0.50000000000000000     
   8.5499997840088326E-002  0.50000000000000000     
   8.5599997837562114E-002  0.50000000000000000     
   8.5699997835035902E-002  0.50000000000000000     
   8.5799997832509689E-002  0.50000000000000000     
   8.5899997829983477E-002  0.50000000000000000     
   8.5999997827457264E-002  0.50000000000000000     
   8.6099997824931052E-002  0.50000000000000000     
   8.6199997822404839E-002  0.50000000000000000     
   8.6299997819878627E-002  0.50000000000000000     
   8.6399997817352414E-002  0.50000000000000000     
   8.6499997814826202E-002  0.50000000000000000     
   8.6599997812299989E-002  0.50000000000000000     
   8.6699997809773777E-002  0.50000000000000000     
   8.6799997807247564E-002  0.50000000000000000     
   8.6899997804721352E-002  0.50000000000000000     
   8.6999997802195139E-002  0.50000000000000000     
   8.7099997799668927E-002  0.50000000000000000     
   8.7199997797142714E-002  0.50000000000000000     
   8.7299997794616502E-002  0.50000000000000000     
   8.7399997792090289E-002  0.50000000000000000     
   8.7499997789564077E-002  0.50000000000000000     
   8.7599997787037864E-002  0.50000000000000000     
   8.7699997784511652E-002  0.50000000000000000     
   8.7799997781985439E-002  0.50000000000000000     
   8.7899997779459227E-002  0.50000000000000000     
   8.7999997776933014E-002  0.50000000000000000     
   8.8099997774406802E-002  0.50000000000000000     
   8.8199997771880589E-002  0.50000000000000000     
   8.8299997769354377E-002  0.50000000000000000     
   8.8399997766828164E-002  0.50000000000000000     
   8.8499997764301952E-002  0.50000000000000000     
   8.8599997761775739E-002  0.50000000000000000     
   8.8699997759249527E-002  0.50000000000000000     
   8.8799997756723315E-002  0.50000000000000000     
   8.8899997754197102E-002  0.50000000000000000     
   8.8999997751670890E-002  0.50000000000000000     
   8.9099997749144677E-002  0.50000000000000000     
   8.9199997746618465E-002  0.50000000000000000     
   8.9299997744092252E-002  0.50000000000000000     
   8.9399997741566040E-002  0.50000000000000000     
   8.9499997739039827E-002  0.50000000000000000     
   8.9599997736513615E-002  0.50000000000000000     
   8.9699997733987402E-002  0.50000000000000000     
   8.9799997731461190E-002  0.50000000000000000     
   8.9899997728934977E-002  0.50000000000000000     
   8.9999997726408765E-002  0.50000000000000000     
   9.0099997723882552E-002  0.50000000000000000     
   9.0199997721356340E-002  0.50000000000000000     
   9.0299997718830127E-002  0.50000000000000000     
   9.0399997716303915E-002  0.50000000000000000     
   9.0499997713777702E-002  0.50000000000000000     
   9.0599997711251490E-002  0.50000000000000000     
   9.0699997708725277E-002  0.50000000000000000     
   9.0799997706199065E-002  0.50000000000000000     
   9.0899997703672852E-002  0.50000000000000000     
   9.0999997701146640E-002  0.50000000000000000     
   9.1099997698620427E-002  0.50000000000000000     
   9.1199997696094215E-002  0.50000000000000000     
   9.1299997693568002E-002  0.50000000000000000     
   9.1399997691041790E-002  0.50000000000000000     
   9.1499997688515577E-002  0.50000000000000000     
   9.1599997685989365E-002  0.50000000000000000     
   9.1699997683463152E-002  0.50000000000000000     
   9.1799997680936940E-002  0.50000000000000000     
   9.1899997678410728E-002  0.50000000000000000     
   9.1999997675884515E-002  0.50000000000000000     
   9.2099997673358303E-002  0.50000000000000000     
   9.2199997670832090E-002  0.50000000000000000     
   9.2299997668305878E-002  0.50000000000000000     
   9.2399997665779665E-002  0.50000000000000000     
   9.2499997663253453E-002  0.50000000000000000     
   9.2599997660727240E-002  0.50000000000000000     
   9.2699997658201028E-002  0.50000000000000000     
   9.2799997655674815E-002  0.50000000000000000     
   9.2899997653148603E-002  0.50000000000000000     
   9.2999997650622390E-002  0.50000000000000000     
   9.3099997648096178E-002  0.50000000000000000     
   9.3199997645569965E-002  0.50000000000000000     
   9.3299997643043753E-002  0.50000000000000000     
   9.3399997640517540E-002  0.50000000000000000     
   9.3499997637991328E-002  0.50000000000000000     
   9.3599997635465115E-002  0.50000000000000000     
   9.3699997632938903E-002  0.50000000000000000     
   9.3799997630412690E-002  0.50000000000000000     
   9.3899997627886478E-002  0.50000000000000000     
   9.3999997625360265E-002  0.50000000000000000     
   9.4099997622834053E-002  0.50000000000000000     
   9.4199997620307840E-002  0.50000000000000000     
   9.4299997617781628E-002  0.50000000000000000     
   9.4399997615255415E-002  0.50000000000000000     
   9.4499997612729203E-002  0.50000000000000000     
   9.4599997610202990E-002  0.50000000000000000     
   9.4699997607676778E-002  0.50000000000000000     
   9.4799997605150566E-002  0.50000000000000000     
   9.4899997602624353E-002  0.50000000000000000     
   9.4999997600098141E-002  0.50000000000000000     
   9.5099997597571928E-002  0.50000000000000000     
   9.5199997595045716E-002  0.50000000000000000     
   9.5299997592519503E-002  0.50000000000000000     
   9.5399997589993291E-002  0.50000000000000000     
   9.5499997587467078E-002  0.50000000000000000     
   9.5599997584940866E-002  0.50000000000000000     
   9.5699997582414653E-002  0.50000000000000000     
   9.5799997579888441E-002  0.50000000000000000     
   9.5899997577362228E-002  0.50000000000000000     
   9.5999997574836016E-002  0.50000000000000000     
   9.6099997572309803E-002  0.50000000000000000     
   9.6199997569783591E-002  0.50000000000000000     
   9.6299997567257378E-002  0.50000000000000000     
   9.6399997564731166E-002  0.50000000000000000     
   9.6499997562204953E-002  0.50000000000000000     
   9.6599997559678741E-002  0.50000000000000000     
   9.6699997557152528E-002  0.50000000000000000     
   9.6799997554626316E-002  0.50000000000000000     
   9.6899997552100103E-002  0.50000000000000000     
   9.6999997549573891E-002  0.50000000000000000     
   9.7099997547047678E-002  0.50000000000000000     
   9.7199997544521466E-002  0.50000000000000000     
   9.7299997541995253E-002  0.50000000000000000     
   9.7399997539469041E-002  0.50000000000000000     
   9.7499997536942828E-002  0.50000000000000000     
   9.7599997534416616E-002  0.50000000000000000     
   9.7699997531890403E-002  0.50000000000000000     
   9.7799997529364191E-002  0.50000000000000000     
   9.7899997526837979E-002  0.50000000000000000     
   9.7999997524311766E-002  0.50000000000000000     
   9.8099997521785554E-002  0.50000000000000000     
   9.8199997519259341E-002  0.50000000000000000     
   9.8299997516733129E-002  0.50000000000000000     
   9.8399997514206916E-002  0.50000000000000000     
   9.8499997511680704E-002  0.50000000000000000     
   9.8599997509154491E-002  0.50000000000000000     
   9.8699997506628279E-002  0.50000000000000000     
   9.8799997504102066E-002  0.50000000000000000     
   9.8899997501575854E-002  0.50000000000000000     
   9.8999997499049641E-002  0.50000000000000000     
   9.9099997496523429E-002  0.50000000000000000     
   9.9199997493997216E-002  0.50000000000000000     
   9.9299997491471004E-002  0.50000000000000000     
   9.9399997488944791E-002  0.50000000000000000     
   9.9499997486418579E-002  0.50000000000000000     
   9.9599997483892366E-002  0.50000000000000000     
   9.9699997481366154E-002  0.50000000000000000     
   9.9799997478839941E-002  0.50000000000000000     
   9.9899997476313729E-002  0.50000000000000000     
   9.9999997473787516E-002  0.50000000000000000     
  0.10009999747126130       0.50000000000000000     
  0.10019999746873509       0.50000000000000000     
  0.10029999746620888       0.50000000000000000     
  0.10039999746368267       0.50000000000000000     
  0.10049999746115645       0.50000000000000000     
  0.10059999745863024       0.50000000000000000     
  0.10069999745610403       0.50000000000000000     
  0.10079999745357782       0.50000000000000000     
  0.10089999745105160       0.50000000000000000     
  0.10099999744852539       0.50000000000000000     
  0.10109999744599918       0.50000000000000000     
  0.10119999744347297       0.50000000000000000     
  0.10129999744094675       0.50000000000000000     
  0.10139999743842054       0.50000000000000000     
  0.10149999743589433       0.50000000000000000     
  0.10159999743336812       0.50000000000000000     
  0.10169999743084190       0.50000000000000000     
  0.10179999742831569       0.50000000000000000     
  0.10189999742578948       0.50000000000000000     
  0.10199999742326327       0.50000000000000000     
  0.10209999742073705       0.50000000000000000     
  0.10219999741821084       0.50000000000000000     
  0.10229999741568463       0.50000000000000000     
  0.10239999741315842       0.50000000000000000     
  0.10249999741063220       0.50000000000000000     
  0.10259999740810599       0.50000000000000000     
  0.10269999740557978       0.50000000000000000     
  0.10279999740305357       0.50000000000000000     
  0.10289999740052735       0.50000000000000000     
  0.10299999739800114       0.50000000000000000     
  0.10309999739547493       0.50000000000000000     
  0.10319999739294872       0.50000000000000000     
  0.10329999739042250       0.50000000000000000     
  0.10339999738789629       0.50000000000000000     
  0.10349999738537008       0.50000000000000000     
  0.10359999738284387       0.50000000000000000     
  0.10369999738031765       0.50000000000000000     
  0.10379999737779144       0.50000000000000000     
  0.10389999737526523       0.50000000000000000     
  0.10399999737273902       0.50000000000000000     
  0.10409999737021280       0.50000000000000000     
  0.10419999736768659       0.50000000000000000     
  0.10429999736516038       0.50000000000000000     
  0.10439999736263417       0.50000000000000000     
  0.10449999736010795       0.50000000000000000     
  0.10459999735758174       0.50000000000000000     
  0.10469999735505553       0.50000000000000000     
  0.10479999735252932       0.50000000000000000     
  0.10489999735000310       0.50000000000000000     
  0.10499999734747689       0.50000000000000000     
  0.10509999734495068       0.50000000000000000     
  0.10519999734242447       0.50000000000000000     
  0.10529999733989825       0.50000000000000000     
  0.10539999733737204       0.50000000000000000     
  0.10549999733484583       0.50000000000000000     
  0.10559999733231962       0.50000000000000000     
  0.10569999732979340       0.50000000000000000     
  0.10579999732726719       0.50000000000000000     
  0.10589999732474098       0.50000000000000000     
  0.10599999732221477       0.50000000000000000     
  0.10609999731968855       0.50000000000000000     
  0.10619999731716234       0.50000000000000000     
  0.10629999731463613       0.50000000000000000     
  0.10639999731210992       0.50000000000000000     
  0.10649999730958370       0.50000000000000000     
  0.10659999730705749       0.50000000000000000     
  0.10669999730453128       0.50000000000000000     
  0.10679999730200507       0.50000000000000000     
  0.10689999729947885       0.50000000000000000     
  0.10699999729695264       0.50000000000000000     
  0.10709999729442643       0.50000000000000000     
  0.10719999729190022       0.50000000000000000     
  0.10729999728937401       0.50000000000000000     
  0.10739999728684779       0.50000000000000000     
  0.10749999728432158       0.50000000000000000     
  0.10759999728179537       0.50000000000000000     
  0.10769999727926916       0.50000000000000000     
  0.10779999727674294       0.50000000000000000     
  0.10789999727421673       0.50000000000000000     
  0.10799999727169052       0.50000000000000000     
  0.10809999726916431       0.50000000000000000     
  0.10819999726663809       0.50000000000000000     
  0.10829999726411188       0.50000000000000000     
  0.10839999726158567       0.50000000000000000     
  0.10849999725905946       0.50000000000000000     
  0.10859999725653324       0.50000000000000000     
  0.10869999725400703       0.50000000000000000     
  0.10879999725148082       0.50000000000000000     
  0.10889999724895461       0.50000000000000000     
  0.10899999724642839       0.50000000000000000     
  0.10909999724390218       0.50000000000000000     
  0.10919999724137597       0.50000000000000000     
  0.10929999723884976       0.50000000000000000     
  0.10939999723632354       0.50000000000000000     
  0.10949999723379733       0.50000000000000000     
  0.10959999723127112       0.50000000000000000     
  0.10969999722874491       0.50000000000000000     
  0.10979999722621869       0.50000000000000000     
  0.10989999722369248       0.50000000000000000     
  0.10999999722116627       0.50000000000000000     
  0.11009999721864006       0.50000000000000000     
  0.11019999721611384       0.50000000000000000     
  0.11029999721358763       0.50000000000000000     
  0.11039999721106142       0.50000000000000000     
  0.11049999720853521       0.50000000000000000     
  0.11059999720600899       0.50000000000000000     
  0.11069999720348278       0.50000000000000000     
  0.11079999720095657       0.50000000000000000     
  0.11089999719843036       0.50000000000000000     
  0.11099999719590414       0.50000000000000000     
  0.11109999719337793       0.50000000000000000     
  0.11119999719085172       0.50000000000000000     
  0.11129999718832551       0.50000000000000000     
  0.11139999718579929       0.50000000000000000     
  0.11149999718327308       0.50000000000000000     
  0.11159999718074687       0.50000000000000000     
  0.11169999717822066       0.50000000000000000     
  0.11179999717569444       0.50000000000000000     
  0.11189999717316823       0.50000000000000000     
  0.11199999717064202       0.50000000000000000     
  0.11209999716811581       0.50000000000000000     
  0.11219999716558959       0.50000000000000000     
  0.11229999716306338       0.50000000000000000     
  0.11239999716053717       0.50000000000000000     
  0.11249999715801096       0.50000000000000000     
  0.11259999715548474       0.50000000000000000     
  0.11269999715295853       0.50000000000000000     
  0.11279999715043232       0.50000000000000000     
  0.11289999714790611       0.50000000000000000     
  0.11299999714537989       0.50000000000000000     
  0.11309999714285368       0.50000000000000000     
  0.11319999714032747       0.50000000000000000     
  0.11329999713780126       0.50000000000000000     
  0.11339999713527504       0.50000000000000000     
  0.11349999713274883       0.50000000000000000     
  0.11359999713022262       0.50000000000000000     
  0.11369999712769641       0.50000000000000000     
  0.11379999712517019       0.50000000000000000     
  0.11389999712264398       0.50000000000000000     
  0.11399999712011777       0.50000000000000000     
  0.11409999711759156       0.50000000000000000     
  0.11419999711506534       0.50000000000000000     
  0.11429999711253913       0.50000000000000000     
  0.11439999711001292       0.50000000000000000     
  0.11449999710748671       0.50000000000000000     
  0.11459999710496049       0.50000000000000000     
  0.11469999710243428       0.50000000000000000     
  0.11479999709990807       0.50000000000000000     
  0.11489999709738186       0.50000000000000000     
  0.11499999709485564       0.50000000000000000     
  0.11509999709232943       0.50000000000000000     
  0.11519999708980322       0.50000000000000000     
  0.11529999708727701       0.50000000000000000     
  0.11539999708475079       0.50000000000000000     
  0.11549999708222458       0.50000000000000000     
  0.11559999707969837       0.50000000000000000     
  0.11569999707717216       0.50000000000000000     
  0.11579999707464594       0.50000000000000000     
  0.11589999707211973       0.50000000000000000     
  0.11599999706959352       0.50000000000000000     
  0.11609999706706731       0.50000000000000000     
  0.11619999706454109       0.50000000000000000     
  0.11629999706201488       0.50000000000000000     
  0.11639999705948867       0.50000000000000000     
  0.11649999705696246       0.50000000000000000     
  0.11659999705443624       0.50000000000000000     
  0.11669999705191003       0.50000000000000000     
  0.11679999704938382       0.50000000000000000     
  0.11689999704685761       0.50000000000000000     
  0.11699999704433139       0.50000000000000000     
  0.11709999704180518       0.50000000000000000     
  0.11719999703927897       0.50000000000000000     
  0.11729999703675276       0.50000000000000000     
  0.11739999703422654       0.50000000000000000     
  0.11749999703170033       0.50000000000000000     
  0.11759999702917412       0.50000000000000000     
  0.11769999702664791       0.50000000000000000     
  0.11779999702412169       0.50000000000000000     
  0.11789999702159548       0.50000000000000000     
  0.11799999701906927       0.50000000000000000     
  0.11809999701654306       0.50000000000000000     
  0.11819999701401684       0.50000000000000000     
  0.11829999701149063       0.50000000000000000     
  0.11839999700896442       0.50000000000000000     
  0.11849999700643821       0.50000000000000000     
  0.11859999700391199       0.50000000000000000     
  0.11869999700138578       0.50000000000000000     
  0.11879999699885957       0.50000000000000000     
  0.11889999699633336       0.50000000000000000     
  0.11899999699380714       0.50000000000000000     
  0.11909999699128093       0.50000000000000000     
  0.11919999698875472       0.50000000000000000     
  0.11929999698622851       0.50000000000000000     
  0.11939999698370229       0.50000000000000000     
  0.11949999698117608       0.50000000000000000     
  0.11959999697864987       0.50000000000000000     
  0.11969999697612366       0.50000000000000000     
  0.11979999697359744       0.50000000000000000     
  0.11989999697107123       0.50000000000000000     
  0.11999999696854502       0.50000000000000000     
  0.12009999696601881       0.50000000000000000     
  0.12019999696349259       0.50000000000000000     
  0.12029999696096638       0.50000000000000000     
  0.12039999695844017       0.50000000000000000     
  0.12049999695591396       0.50000000000000000     
  0.12059999695338774       0.50000000000000000     
  0.12069999695086153       0.50000000000000000     
  0.12079999694833532       0.50000000000000000     
  0.12089999694580911       0.50000000000000000     
  0.12099999694328289       0.50000000000000000     
  0.12109999694075668       0.50000000000000000     
  0.12119999693823047       0.50000000000000000     
  0.12129999693570426       0.50000000000000000     
  0.12139999693317804       0.50000000000000000     
  0.12149999693065183       0.50000000000000000     
  0.12159999692812562       0.50000000000000000     
  0.12169999692559941       0.50000000000000000     
  0.12179999692307319       0.50000000000000000     
  0.12189999692054698       0.50000000000000000     
  0.12199999691802077       0.50000000000000000     
  0.12209999691549456       0.50000000000000000     
  0.12219999691296834       0.50000000000000000     
  0.12229999691044213       0.50000000000000000     
  0.12239999690791592       0.50000000000000000     
  0.12249999690538971       0.50000000000000000     
  0.12259999690286350       0.50000000000000000     
  0.12269999690033728       0.50000000000000000     
  0.12279999689781107       0.50000000000000000     
  0.12289999689528486       0.50000000000000000     
  0.12299999689275865       0.50000000000000000     
  0.12309999689023243       0.50000000000000000     
  0.12319999688770622       0.50000000000000000     
  0.12329999688518001       0.50000000000000000     
  0.12339999688265380       0.50000000000000000     
  0.12349999688012758       0.50000000000000000     
  0.12359999687760137       0.50000000000000000     
  0.12369999687507516       0.50000000000000000     
  0.12379999687254895       0.50000000000000000     
  0.12389999687002273       0.50000000000000000     
  0.12399999686749652       0.50000000000000000     
  0.12409999686497031       0.50000000000000000     
  0.12419999686244410       0.50000000000000000     
  0.12429999685991788       0.50000000000000000     
  0.12439999685739167       0.50000000000000000     
  0.12449999685486546       0.50000000000000000     
  0.12459999685233925       0.50000000000000000     
  0.12469999684981303       0.50000000000000000     
  0.12479999684728682       0.50000000000000000     
  0.12489999684476061       0.50000000000000000     
  0.12499999684223440       0.50000000000000000     
  0.12509999683970818       0.50000000000000000     
  0.12519999683718197       0.50000000000000000     
  0.12529999683465576       0.50000000000000000     
  0.12539999683212955       0.50000000000000000     
  0.12549999682960333       0.50000000000000000     
  0.12559999682707712       0.50000000000000000     
  0.12569999682455091       0.50000000000000000     
  0.12579999682202470       0.50000000000000000     
  0.12589999681949848       0.50000000000000000     
  0.12599999681697227       0.50000000000000000     
  0.12609999681444606       0.50000000000000000     
  0.12619999681191985       0.50000000000000000     
  0.12629999680939363       0.50000000000000000     
  0.12639999680686742       0.50000000000000000     
  0.12649999680434121       0.50000000000000000     
  0.12659999680181500       0.50000000000000000     
  0.12669999679928878       0.50000000000000000     
  0.12679999679676257       0.50000000000000000     
  0.12689999679423636       0.50000000000000000     
  0.12699999679171015       0.50000000000000000     
  0.12709999678918393       0.50000000000000000     
  0.12719999678665772       0.50000000000000000     
  0.12729999678413151       0.50000000000000000     
  0.12739999678160530       0.50000000000000000     
  0.12749999677907908       0.50000000000000000     
  0.12759999677655287       0.50000000000000000     
  0.12769999677402666       0.50000000000000000     
  0.12779999677150045       0.50000000000000000     
  0.12789999676897423       0.50000000000000000     
  0.12799999676644802       0.50000000000000000     
  0.12809999676392181       0.50000000000000000     
  0.12819999676139560       0.50000000000000000     
  0.12829999675886938       0.50000000000000000     
  0.12839999675634317       0.50000000000000000     
  0.12849999675381696       0.50000000000000000     
  0.12859999675129075       0.50000000000000000     
  0.12869999674876453       0.50000000000000000     
  0.12879999674623832       0.50000000000000000     
  0.12889999674371211       0.50000000000000000     
  0.12899999674118590       0.50000000000000000     
  0.12909999673865968       0.50000000000000000     
  0.12919999673613347       0.50000000000000000     
  0.12929999673360726       0.50000000000000000     
  0.12939999673108105       0.50000000000000000     
  0.12949999672855483       0.50000000000000000     
  0.12959999672602862       0.50000000000000000     
  0.12969999672350241       0.50000000000000000     
  0.12979999672097620       0.50000000000000000     
  0.12989999671844998       0.50000000000000000     
  0.12999999671592377       0.50000000000000000     
  0.13009999671339756       0.50000000000000000     
  0.13019999671087135       0.50000000000000000     
  0.13029999670834513       0.50000000000000000     
  0.13039999670581892       0.50000000000000000     
  0.13049999670329271       0.50000000000000000     
  0.13059999670076650       0.50000000000000000     
  0.13069999669824028       0.50000000000000000     
  0.13079999669571407       0.50000000000000000     
  0.13089999669318786       0.50000000000000000     
  0.13099999669066165       0.50000000000000000     
  0.13109999668813543       0.50000000000000000     
  0.13119999668560922       0.50000000000000000     
  0.13129999668308301       0.50000000000000000     
  0.13139999668055680       0.50000000000000000     
  0.13149999667803058       0.50000000000000000     
  0.13159999667550437       0.50000000000000000     
  0.13169999667297816       0.50000000000000000     
  0.13179999667045195       0.50000000000000000     
  0.13189999666792573       0.50000000000000000     
  0.13199999666539952       0.50000000000000000     
  0.13209999666287331       0.50000000000000000     
  0.13219999666034710       0.50000000000000000     
  0.13229999665782088       0.50000000000000000     
  0.13239999665529467       0.50000000000000000     
  0.13249999665276846       0.50000000000000000     
  0.13259999665024225       0.50000000000000000     
  0.13269999664771603       0.50000000000000000     
